Model: textattack/bert-base-uncased-WNLI  Arch: bert  Layers: 12
Magnitude bins: 13 bins from 1e-08 to 1e+05

Approximation config (effective, per-layer):
  Layer    softmax_deg    softmax_lb    gelu_deg
  ----------------------------------------------
  L0                 2            -4           1
  L1                 2            -4           1
  L2                 2            -4           1
  L3                 2            -4           1
  L4                 2            -4           1
  L5                 2            -4           1
  L6                 2            -4           1
  L7                 2            -4           1
  L8                 2            -4           1
  L9                 2            -4           1
  L10                2            -4           1
  L11                2            -4           2

Probe: input_ids (Input IDs)  [global]
  Layer            Count  pct_zero     pct>1    pct>10  | magnitude bin percentages ...
  ------------------------------------------------------------
  All         81,280    71.040    28.960    28.960  |   0.00    0.00    0.00    0.00    0.00    0.00    0.00    0.00    0.00    0.00    2.45   24.68    1.83

Probe: after_embed (After Embedding)  [global]
  Layer            Count  pct_zero     pct>1    pct>10  | magnitude bin percentages ...
  ------------------------------------------------------------
  All     62,423,040     0.000     4.223     0.001  |   0.00    0.00    0.00    0.02    0.17    1.61   16.72   77.26    4.22    0.00    0.00    0.00    0.00

Probe: query_proj (XW_q + b_q)
  Layer            Count  pct_zero     pct>1    pct>10  | magnitude bin percentages ...
  ------------------------------------------------------------
  L0         62,423,040     0.000    23.807     0.000  |   0.00    0.00    0.00    0.01    0.11    0.96    9.63   65.49   23.81    0.00    0.00    0.00    0.00
  L1         62,423,040     0.000    25.730     0.000  |   0.00    0.00    0.00    0.01    0.09    0.87    8.66   64.64   25.73    0.00    0.00    0.00    0.00
  L2         62,423,040     0.000    26.528     0.000  |   0.00    0.00    0.00    0.01    0.09    0.90    8.95   63.52   26.53    0.00    0.00    0.00    0.00
  L3         62,423,040     0.000    28.920     0.000  |   0.00    0.00    0.00    0.01    0.08    0.79    7.91   62.29   28.92    0.00    0.00    0.00    0.00
  L4         62,423,040     0.000    30.503     0.000  |   0.00    0.00    0.00    0.01    0.08    0.76    7.60   61.06   30.50    0.00    0.00    0.00    0.00
  L5         62,423,040     0.000    34.472     0.000  |   0.00    0.00    0.00    0.01    0.07    0.71    7.08   57.67   34.47    0.00    0.00    0.00    0.00
  L6         62,423,040     0.000    34.628     0.000  |   0.00    0.00    0.00    0.01    0.07    0.71    6.98   57.61   34.63    0.00    0.00    0.00    0.00
  L7         62,423,040     0.000    35.732     0.000  |   0.00    0.00    0.00    0.01    0.07    0.68    6.79   56.72   35.73    0.00    0.00    0.00    0.00
  L8         62,423,040     0.000    35.359     0.000  |   0.00    0.00    0.00    0.01    0.07    0.68    6.82   57.07   35.36    0.00    0.00    0.00    0.00
  L9         62,423,040     0.000    35.350     0.000  |   0.00    0.00    0.00    0.01    0.07    0.69    6.78   57.10   35.35    0.00    0.00    0.00    0.00
  L10        62,423,040     0.000    34.950     0.000  |   0.00    0.00    0.00    0.01    0.07    0.69    6.92   57.36   34.95    0.00    0.00    0.00    0.00
  L11        62,423,040     0.000    34.486     0.000  |   0.00    0.00    0.00    0.01    0.07    0.68    6.84   57.93   34.49    0.00    0.00    0.00    0.00
  AGG      749,076,480     0.000    31.705     0.000  |   0.00    0.00    0.00    0.01    0.08    0.76    7.58   59.87   31.71    0.00    0.00    0.00    0.00

Probe: key_proj (XW_k + b_k)
  Layer            Count  pct_zero     pct>1    pct>10  | magnitude bin percentages ...
  ------------------------------------------------------------
  L0         62,423,040     0.000    27.374     0.000  |   0.00    0.00    0.00    0.01    0.09    0.85    8.38   63.29   27.37    0.00    0.00    0.00    0.00
  L1         62,423,040     0.000    26.699     0.000  |   0.00    0.00    0.00    0.01    0.09    0.88    8.76   63.57   26.70    0.00    0.00    0.00    0.00
  L2         62,423,040     0.000    26.677     0.000  |   0.00    0.00    0.00    0.01    0.09    0.88    8.74   63.61   26.68    0.00    0.00    0.00    0.00
  L3         62,423,040     0.000    28.295     0.000  |   0.00    0.00    0.00    0.01    0.08    0.84    8.35   62.43   28.30    0.00    0.00    0.00    0.00
  L4         62,423,040     0.000    28.028     0.000  |   0.00    0.00    0.00    0.01    0.08    0.80    7.96   63.13   28.03    0.00    0.00    0.00    0.00
  L5         62,423,040     0.000    33.256     0.000  |   0.00    0.00    0.00    0.01    0.07    0.74    7.33   58.59   33.26    0.00    0.00    0.00    0.00
  L6         62,423,040     0.000    35.323     0.000  |   0.00    0.00    0.00    0.01    0.07    0.68    6.83   57.09   35.32    0.00    0.00    0.00    0.00
  L7         62,423,040     0.000    36.318     0.000  |   0.00    0.00    0.00    0.01    0.07    0.67    6.70   56.24   36.32    0.00    0.00    0.00    0.00
  L8         62,423,040     0.000    34.279     0.000  |   0.00    0.00    0.00    0.01    0.07    0.69    6.93   58.03   34.28    0.00    0.00    0.00    0.00
  L9         62,423,040     0.000    34.190     0.000  |   0.00    0.00    0.00    0.01    0.07    0.69    6.90   58.15   34.19    0.00    0.00    0.00    0.00
  L10        62,423,040     0.000    33.949     0.000  |   0.00    0.00    0.00    0.01    0.07    0.71    7.16   58.10   33.95    0.00    0.00    0.00    0.00
  L11        62,423,040     0.000    32.394     0.000  |   0.00    0.00    0.00    0.01    0.07    0.75    7.46   59.31   32.39    0.00    0.00    0.00    0.00
  AGG      749,076,480     0.000    31.398     0.000  |   0.00    0.00    0.00    0.01    0.08    0.76    7.62   60.13   31.40    0.00    0.00    0.00    0.00

Probe: value_proj (XW_v + b_v)
  Layer            Count  pct_zero     pct>1    pct>10  | magnitude bin percentages ...
  ------------------------------------------------------------
  L0         62,423,040     0.000     2.808     0.000  |   0.00    0.00    0.00    0.03    0.21    2.07   20.39   74.50    2.81    0.00    0.00    0.00    0.00
  L1         62,423,040     0.000     5.960     0.000  |   0.00    0.00    0.00    0.02    0.17    1.69   16.60   75.57    5.96    0.00    0.00    0.00    0.00
  L2         62,423,040     0.000     5.963     0.000  |   0.00    0.00    0.00    0.02    0.16    1.64   16.20   76.02    5.96    0.00    0.00    0.00    0.00
  L3         62,423,040     0.000     7.937     0.000  |   0.00    0.00    0.00    0.02    0.15    1.52   14.81   75.56    7.94    0.00    0.00    0.00    0.00
  L4         62,423,040     0.000    11.071     0.000  |   0.00    0.00    0.00    0.01    0.15    1.47   13.35   73.95   11.07    0.00    0.00    0.00    0.00
  L5         62,423,040     0.000     9.488     0.000  |   0.00    0.00    0.00    0.02    0.16    1.61   14.04   74.68    9.49    0.00    0.00    0.00    0.00
  L6         62,423,040     0.000    10.478     0.000  |   0.00    0.00    0.00    0.02    0.16    1.58   13.69   74.08   10.48    0.00    0.00    0.00    0.00
  L7         62,423,040     0.000     7.554     0.000  |   0.00    0.00    0.00    0.02    0.17    1.66   14.65   75.95    7.55    0.00    0.00    0.00    0.00
  L8         62,423,040     0.000    12.840     0.000  |   0.00    0.00    0.00    0.01    0.14    1.45   12.48   73.08   12.84    0.00    0.00    0.00    0.00
  L9         62,423,040     0.000    12.227     0.000  |   0.00    0.00    0.00    0.01    0.13    1.35   12.56   73.72   12.23    0.00    0.00    0.00    0.00
  L10        62,423,040     0.000    11.497     0.000  |   0.00    0.00    0.00    0.02    0.17    1.71   13.65   72.95   11.50    0.00    0.00    0.00    0.00
  L11        62,423,040     0.000    14.008     0.000  |   0.00    0.00    0.00    0.02    0.18    1.81   12.60   71.37   14.01    0.00    0.00    0.00    0.00
  AGG      749,076,480     0.000     9.319     0.000  |   0.00    0.00    0.00    0.02    0.16    1.63   14.58   74.28    9.32    0.00    0.00    0.00    0.00

Probe: qkt_raw (QKᵀ (raw))
  Layer            Count  pct_zero     pct>1    pct>10  | magnitude bin percentages ...
  ------------------------------------------------------------
  L0        124,846,080     0.000    95.077    58.950  |   0.00    0.00    0.00    0.00    0.00    0.05    0.45    4.42   36.13   58.95    0.00    0.00    0.00
  L1        124,846,080     0.000    91.441    38.006  |   0.00    0.00    0.00    0.00    0.01    0.08    0.76    7.71   53.43   38.00    0.01    0.00    0.00
  L2        124,846,080     0.000    93.178    41.566  |   0.00    0.00    0.00    0.00    0.01    0.06    0.61    6.14   51.61   39.18    2.39    0.00    0.00
  L3        124,846,080     0.000    95.370    53.453  |   0.00    0.00    0.00    0.00    0.00    0.04    0.42    4.17   41.92   53.45    0.00    0.00    0.00
  L4        124,846,080     0.000    93.881    43.979  |   0.00    0.00    0.00    0.00    0.01    0.06    0.55    5.51   49.90   43.98    0.00    0.00    0.00
  L5        124,846,080     0.000    94.994    53.687  |   0.00    0.00    0.00    0.00    0.00    0.05    0.45    4.51   41.31   53.69    0.00    0.00    0.00
  L6        124,846,080     0.000    94.749    52.667  |   0.00    0.00    0.00    0.00    0.00    0.05    0.47    4.73   42.08   52.67    0.00    0.00    0.00
  L7        124,846,080     0.000    94.693    50.640  |   0.00    0.00    0.00    0.00    0.00    0.05    0.48    4.78   44.05   50.64    0.00    0.00    0.00
  L8        124,846,080     0.000    94.626    50.319  |   0.00    0.00    0.00    0.00    0.00    0.05    0.48    4.84   44.31   50.32    0.00    0.00    0.00
  L9        124,846,080     0.000    94.605    51.188  |   0.00    0.00    0.00    0.00    0.00    0.05    0.49    4.85   43.42   51.19    0.00    0.00    0.00
  L10       124,846,080     0.000    95.825    59.611  |   0.00    0.00    0.00    0.00    0.00    0.04    0.38    3.76   36.21   59.61    0.00    0.00    0.00
  L11       124,846,080     0.000    97.163    69.938  |   0.00    0.00    0.00    0.00    0.00    0.03    0.26    2.55   27.22   69.94    0.00    0.00    0.00
  AGG    1,498,152,960     0.000    94.633    52.000  |   0.00    0.00    0.00    0.00    0.00    0.05    0.48    4.83   42.63   51.80    0.20    0.00    0.00

Probe: attn_scores (QKᵀ/√dₖ + mask)
  Layer            Count  pct_zero     pct>1    pct>10  | magnitude bin percentages ...
  ------------------------------------------------------------
  L0         36,155,904     0.000    53.171     0.006  |   0.00    0.00    0.00    0.01    0.05    0.47    4.70   41.62   53.16    0.01    0.00    0.00    0.00
  L1         36,155,904     0.000    43.450     0.137  |   0.00    0.00    0.00    0.01    0.06    0.60    6.05   49.83   43.31    0.14    0.00    0.00    0.00
  L2         36,155,904     0.000    47.754     2.370  |   0.00    0.00    0.00    0.01    0.06    0.59    5.88   45.71   45.38    2.37    0.00    0.00    0.00
  L3         36,155,904     0.000    52.476     0.056  |   0.00    0.00    0.00    0.01    0.05    0.48    4.80   42.19   52.42    0.06    0.00    0.00    0.00
  L4         36,155,904     0.000    54.507     0.007  |   0.00    0.00    0.00    0.00    0.04    0.44    4.37   40.63   54.50    0.01    0.00    0.00    0.00
  L5         36,155,904     0.000    66.884     0.024  |   0.00    0.00    0.00    0.00    0.03    0.31    3.07   29.70   66.86    0.02    0.00    0.00    0.00
  L6         36,155,904     0.000    62.780     0.018  |   0.00    0.00    0.00    0.00    0.04    0.35    3.54   33.28   62.76    0.02    0.00    0.00    0.00
  L7         36,155,904     0.000    62.944     0.003  |   0.00    0.00    0.00    0.00    0.03    0.35    3.48   33.19   62.94    0.00    0.00    0.00    0.00
  L8         36,155,904     0.000    59.318     0.010  |   0.00    0.00    0.00    0.00    0.04    0.39    3.91   36.34   59.31    0.01    0.00    0.00    0.00
  L9         36,155,904     0.000    60.075     0.008  |   0.00    0.00    0.00    0.00    0.04    0.38    3.83   35.67   60.07    0.01    0.00    0.00    0.00
  L10        36,155,904     0.000    70.617     0.018  |   0.00    0.00    0.00    0.00    0.03    0.27    2.65   26.44   70.60    0.02    0.00    0.00    0.00
  L11        36,155,904     0.000    75.924     0.004  |   0.00    0.00    0.00    0.00    0.02    0.20    2.00   21.85   75.92    0.00    0.00    0.00    0.00
  AGG      433,870,848     0.000    59.158     0.222  |   0.00    0.00    0.00    0.00    0.04    0.40    4.02   36.37   58.94    0.22    0.00    0.00    0.00

Probe: attn_probs (Softmax(scores))
  Layer            Count  pct_zero     pct>1    pct>10  | magnitude bin percentages ...
  ------------------------------------------------------------
  L0        124,846,080    82.866     0.000     0.000  |   0.32    0.25    0.46    0.89    1.95    4.76    7.05    1.45    0.00    0.00    0.00    0.00    0.00
  L1        124,846,080    81.497     0.000     0.000  |   0.37    0.29    0.54    1.05    2.14    4.93    7.62    1.57    0.00    0.00    0.00    0.00    0.00
  L2        124,846,080    82.974     0.000     0.000  |   0.40    0.32    0.59    1.13    2.28    4.95    5.71    1.65    0.00    0.00    0.00    0.00    0.00
  L3        124,846,080    83.419     0.000     0.000  |   0.39    0.31    0.56    1.05    2.07    4.28    5.64    2.28    0.00    0.00    0.00    0.00    0.00
  L4        124,846,080    82.491     0.000     0.000  |   0.47    0.38    0.69    1.28    2.43    4.59    5.63    2.04    0.00    0.00    0.00    0.00    0.00
  L5        124,846,080    90.382     0.000     0.000  |   0.35    0.27    0.48    0.84    1.42    2.18    2.13    1.94    0.00    0.00    0.00    0.00    0.00
  L6        124,846,080    89.113     0.000     0.000  |   0.39    0.31    0.54    0.95    1.63    2.52    2.49    2.06    0.00    0.00    0.00    0.00    0.00
  L7        124,846,080    90.376     0.000     0.000  |   0.38    0.29    0.51    0.86    1.40    2.01    2.11    2.06    0.00    0.00    0.00    0.00    0.00
  L8        124,846,080    88.214     0.000     0.000  |   0.44    0.35    0.61    1.07    1.81    2.72    2.75    2.04    0.00    0.00    0.00    0.00    0.00
  L9        124,846,080    84.754     0.000     0.000  |   0.51    0.40    0.72    1.30    2.29    3.71    4.17    2.14    0.00    0.00    0.00    0.00    0.00
  L10       124,846,080    86.759     0.000     0.000  |   0.49    0.38    0.67    1.16    1.93    2.88    3.26    2.47    0.00    0.00    0.00    0.00    0.00
  L11       124,846,080    84.003     0.000     0.000  |   0.59    0.46    0.81    1.44    2.48    3.81    3.65    2.76    0.00    0.00    0.00    0.00    0.00
  AGG    1,498,152,960    85.571     0.000     0.000  |   0.43    0.33    0.60    1.08    1.99    3.61    4.35    2.04    0.00    0.00    0.00    0.00    0.00

Probe: attn_context (Softmax × V)
  Layer            Count  pct_zero     pct>1    pct>10  | magnitude bin percentages ...
  ------------------------------------------------------------
  L0         62,423,040     0.000     0.416     0.000  |   0.00    0.00    0.01    0.04    0.48    5.03   42.08   51.95    0.42    0.00    0.00    0.00    0.00
  L1         62,423,040     0.000     0.819     0.000  |   0.00    0.00    0.00    0.04    0.39    3.86   35.35   59.54    0.82    0.00    0.00    0.00    0.00
  L2         62,423,040     0.000     1.078     0.000  |   0.00    0.00    0.00    0.03    0.33    3.30   31.16   64.10    1.08    0.00    0.00    0.00    0.00
  L3         62,423,040     0.000     0.845     0.000  |   0.00    0.00    0.00    0.04    0.38    3.82   35.31   59.60    0.84    0.00    0.00    0.00    0.00
  L4         62,423,040     0.000     1.052     0.000  |   0.00    0.00    0.01    0.05    0.54    5.47   41.14   51.74    1.05    0.00    0.00    0.00    0.00
  L5         62,423,040     0.000     0.744     0.000  |   0.00    0.00    0.01    0.12    1.16   10.80   54.68   32.49    0.74    0.00    0.00    0.00    0.00
  L6         62,423,040     0.000     0.815     0.000  |   0.00    0.00    0.01    0.09    0.89    8.79   48.12   41.28    0.82    0.00    0.00    0.00    0.00
  L7         62,423,040     0.000     0.827     0.000  |   0.00    0.00    0.01    0.09    0.90    9.67   50.08   38.42    0.83    0.00    0.00    0.00    0.00
  L8         62,423,040     0.000     0.830     0.000  |   0.00    0.00    0.01    0.09    0.92    9.37   51.27   37.51    0.83    0.00    0.00    0.00    0.00
  L9         62,423,040     0.000     1.108     0.000  |   0.00    0.00    0.01    0.06    0.61    6.07   43.62   48.53    1.11    0.00    0.00    0.00    0.00
  L10        62,423,040     0.000     0.772     0.000  |   0.00    0.00    0.01    0.13    1.30   12.70   53.27   31.82    0.77    0.00    0.00    0.00    0.00
  L11        62,423,040     0.000     0.664     0.000  |   0.00    0.00    0.01    0.15    1.46   14.12   55.25   28.34    0.66    0.00    0.00    0.00    0.00
  AGG      749,076,480     0.000     0.831     0.000  |   0.00    0.00    0.01    0.08    0.78    7.75   45.11   45.44    0.83    0.00    0.00    0.00    0.00

Probe: attn_output (Attn × Wₒ)
  Layer            Count  pct_zero     pct>1    pct>10  | magnitude bin percentages ...
  ------------------------------------------------------------
  L0         62,423,040     0.000     0.446     0.000  |   0.00    0.00    0.00    0.04    0.39    3.92   36.65   58.55    0.45    0.00    0.00    0.00    0.00
  L1         62,423,040     0.000     0.465     0.000  |   0.00    0.00    0.00    0.03    0.31    3.15   30.37   65.67    0.46    0.00    0.00    0.00    0.00
  L2         62,423,040     0.000     0.249     0.000  |   0.00    0.00    0.00    0.03    0.31    3.08   29.62   66.70    0.25    0.00    0.00    0.00    0.00
  L3         62,423,040     0.000     0.261     0.000  |   0.00    0.00    0.00    0.03    0.34    3.37   32.19   63.80    0.26    0.00    0.00    0.00    0.00
  L4         62,423,040     0.000     0.464     0.000  |   0.00    0.00    0.00    0.03    0.33    3.27   29.94   65.96    0.46    0.00    0.00    0.00    0.00
  L5         62,423,040     0.000     0.272     0.000  |   0.00    0.00    0.01    0.05    0.53    5.33   43.88   49.93    0.27    0.00    0.00    0.00    0.00
  L6         62,423,040     0.000     0.224     0.000  |   0.00    0.00    0.00    0.04    0.40    4.02   36.34   58.98    0.22    0.00    0.00    0.00    0.00
  L7         62,423,040     0.000     0.220     0.000  |   0.00    0.00    0.00    0.04    0.43    4.32   37.84   57.15    0.22    0.00    0.00    0.00    0.00
  L8         62,423,040     0.000     0.123     0.000  |   0.00    0.00    0.00    0.04    0.38    3.81   34.92   60.72    0.12    0.00    0.00    0.00    0.00
  L9         62,423,040     0.000     0.294     0.000  |   0.00    0.00    0.00    0.03    0.30    3.04   29.17   67.16    0.29    0.00    0.00    0.00    0.00
  L10        62,423,040     0.000     0.126     0.000  |   0.00    0.00    0.00    0.04    0.40    3.95   36.45   59.04    0.13    0.00    0.00    0.00    0.00
  L11        62,423,040     0.000     0.477     0.000  |   0.00    0.00    0.00    0.04    0.43    4.27   36.63   58.14    0.48    0.00    0.00    0.00    0.00
  AGG      749,076,480     0.000     0.302     0.000  |   0.00    0.00    0.00    0.04    0.38    3.79   34.50   60.98    0.30    0.00    0.00    0.00    0.00

Probe: post_attn_ln (Post-Attn sub-block)
  Layer            Count  pct_zero     pct>1    pct>10  | magnitude bin percentages ...
  ------------------------------------------------------------
  L0         62,423,040     0.000    26.869     0.026  |   0.00    0.00    0.00    0.01    0.08    0.80    7.97   64.28   26.84    0.03    0.00    0.00    0.00
  L1         62,423,040     0.000    21.937     0.122  |   0.00    0.00    0.00    0.01    0.09    0.90    8.98   68.08   21.82    0.12    0.00    0.00    0.00
  L2         62,423,040     0.000    19.150     0.127  |   0.00    0.00    0.00    0.01    0.10    0.96    9.58   70.20   19.02    0.13    0.00    0.00    0.00
  L3         62,423,040     0.000    17.889     0.125  |   0.00    0.00    0.00    0.01    0.10    1.01   10.08   70.90   17.76    0.13    0.00    0.00    0.00
  L4         62,423,040     0.000    15.959     0.127  |   0.00    0.00    0.00    0.01    0.11    1.10   10.88   71.94   15.83    0.12    0.00    0.00    0.00
  L5         62,423,040     0.000    15.576     0.127  |   0.00    0.00    0.00    0.01    0.11    1.12   11.05   72.13   15.45    0.13    0.00    0.00    0.00
  L6         62,423,040     0.000    14.921     0.150  |   0.00    0.00    0.00    0.01    0.11    1.14   11.24   72.57   14.77    0.15    0.00    0.00    0.00
  L7         62,423,040     0.000    15.564     0.206  |   0.00    0.00    0.00    0.01    0.11    1.10   10.95   72.25   15.36    0.21    0.00    0.00    0.00
  L8         62,423,040     0.000    15.159     0.177  |   0.00    0.00    0.00    0.01    0.11    1.10   10.92   72.70   14.98    0.18    0.00    0.00    0.00
  L9         62,423,040     0.000    14.426     0.137  |   0.00    0.00    0.00    0.01    0.11    1.09   10.88   73.48   14.29    0.14    0.00    0.00    0.00
  L10        62,423,040     0.000    14.191     0.157  |   0.00    0.00    0.00    0.01    0.11    1.10   10.91   73.68   14.03    0.16    0.00    0.00    0.00
  L11        62,423,040     0.000    12.817     0.126  |   0.00    0.00    0.00    0.01    0.12    1.17   11.62   74.27   12.69    0.13    0.00    0.00    0.00
  AGG      749,076,480     0.000    17.038     0.134  |   0.00    0.00    0.00    0.01    0.10    1.05   10.42   71.37   16.90    0.13    0.00    0.00    0.00

Probe: gelu_input (FFN1 (GELU in))
  Layer            Count  pct_zero     pct>1    pct>10  | magnitude bin percentages ...
  ------------------------------------------------------------
  L0        249,692,160     0.000    84.747     0.098  |   0.00    0.00    0.00    0.00    0.01    0.13    1.30   13.81   84.65    0.10    0.00    0.00    0.00
  L1        249,692,160     0.000    78.254     0.031  |   0.00    0.00    0.00    0.00    0.02    0.16    1.56   20.01   78.22    0.03    0.00    0.00    0.00
  L2        249,692,160     0.000    80.851     0.031  |   0.00    0.00    0.00    0.00    0.01    0.14    1.41   17.59   80.82    0.03    0.00    0.00    0.00
  L3        249,692,160     0.000    78.836     0.057  |   0.00    0.00    0.00    0.00    0.02    0.17    1.66   19.32   78.78    0.06    0.00    0.00    0.00
  L4        249,692,160     0.000    79.158     0.039  |   0.00    0.00    0.00    0.00    0.02    0.16    1.64   19.02   79.12    0.04    0.00    0.00    0.00
  L5        249,692,160     0.000    77.630     0.011  |   0.00    0.00    0.00    0.00    0.02    0.17    1.71   20.47   77.62    0.01    0.00    0.00    0.00
  L6        249,692,160     0.000    75.555     0.003  |   0.00    0.00    0.00    0.00    0.02    0.19    1.93   22.30   75.55    0.00    0.00    0.00    0.00
  L7        249,692,160     0.000    71.889     0.012  |   0.00    0.00    0.00    0.00    0.02    0.22    2.19   25.68   71.88    0.01    0.00    0.00    0.00
  L8        249,692,160     0.000    66.964     0.009  |   0.00    0.00    0.00    0.00    0.03    0.25    2.53   30.22   66.96    0.01    0.00    0.00    0.00
  L9        249,692,160     0.000    64.688     0.090  |   0.00    0.00    0.00    0.00    0.03    0.26    2.61   32.41   64.60    0.09    0.00    0.00    0.00
  L10       249,692,160     0.000    65.235     0.033  |   0.00    0.00    0.00    0.00    0.02    0.23    2.33   32.17   65.20    0.03    0.00    0.00    0.00
  L11       249,692,160     0.000    57.151     0.005  |   0.00    0.00    0.00    0.00    0.03    0.31    3.08   39.43   57.15    0.01    0.00    0.00    0.00
  AGG    2,996,305,920     0.000    73.413     0.035  |   0.00    0.00    0.00    0.00    0.02    0.20    2.00   24.37   73.38    0.04    0.00    0.00    0.00

Probe: gelu_output (GELU output)
  Layer            Count  pct_zero     pct>1    pct>10  | magnitude bin percentages ...
  ------------------------------------------------------------
  L0        249,692,160    40.836     1.645     0.001  |   0.00    0.00    0.00    0.00    0.17    3.48   32.72   21.15    1.64    0.00    0.00    0.00    0.00
  L1        249,692,160    18.911     1.045     0.000  |   0.00    0.00    0.00    0.00    0.16    3.46   44.08   32.34    1.05    0.00    0.00    0.00    0.00
  L2        249,692,160    24.758     0.546     0.001  |   0.00    0.00    0.00    0.00    0.17    3.57   42.29   28.67    0.55    0.00    0.00    0.00    0.00
  L3        249,692,160    23.024     0.670     0.000  |   0.00    0.00    0.00    0.00    0.17    3.56   42.07   30.51    0.67    0.00    0.00    0.00    0.00
  L4        249,692,160    23.201     0.587     0.000  |   0.00    0.00    0.00    0.00    0.17    3.76   42.45   29.84    0.59    0.00    0.00    0.00    0.00
  L5        249,692,160    18.656     0.436     0.001  |   0.00    0.00    0.00    0.00    0.16    3.38   44.43   32.95    0.43    0.00    0.00    0.00    0.00
  L6        249,692,160    15.954     0.505     0.000  |   0.00    0.00    0.00    0.00    0.15    3.22   44.90   35.26    0.50    0.00    0.00    0.00    0.00
  L7        249,692,160    11.218     0.563     0.000  |   0.00    0.00    0.00    0.00    0.13    2.75   44.92   40.42    0.56    0.00    0.00    0.00    0.00
  L8        249,692,160     7.080     0.613     0.000  |   0.00    0.00    0.00    0.00    0.10    2.10   43.15   46.96    0.61    0.00    0.00    0.00    0.00
  L9        249,692,160     6.059     0.518     0.004  |   0.00    0.00    0.00    0.00    0.09    1.82   41.06   50.46    0.51    0.00    0.00    0.00    0.00
  L10       249,692,160     4.731     0.541     0.002  |   0.00    0.00    0.00    0.00    0.07    1.59   41.55   51.52    0.54    0.00    0.00    0.00    0.00
  L11       249,692,160     1.910     0.645     0.000  |   0.00    0.00    0.00    0.01    0.14    1.38   23.91   72.00    0.65    0.00    0.00    0.00    0.00
  AGG    2,996,305,920    16.361     0.693     0.001  |   0.00    0.00    0.00    0.00    0.14    2.84   40.63   39.34    0.69    0.00    0.00    0.00    0.00

Probe: ffn2_output (FFN2 output)
  Layer            Count  pct_zero     pct>1    pct>10  | magnitude bin percentages ...
  ------------------------------------------------------------
  L0         62,423,040     0.000    31.596     0.341  |   0.00    0.00    0.00    0.01    0.09    0.85    8.46   59.00   31.26    0.34    0.00    0.00    0.00
  L1         62,423,040     0.000     4.765     0.106  |   0.00    0.00    0.00    0.02    0.16    1.57   15.48   78.02    4.66    0.11    0.00    0.00    0.00
  L2         62,423,040     0.000     1.475     0.002  |   0.00    0.00    0.00    0.02    0.21    2.11   20.78   75.40    1.47    0.00    0.00    0.00    0.00
  L3         62,423,040     0.000     2.005     0.002  |   0.00    0.00    0.00    0.02    0.20    1.97   19.34   76.46    2.00    0.00    0.00    0.00    0.00
  L4         62,423,040     0.000     0.839     0.002  |   0.00    0.00    0.00    0.02    0.23    2.29   22.38   74.23    0.84    0.00    0.00    0.00    0.00
  L5         62,423,040     0.000     0.778     0.002  |   0.00    0.00    0.00    0.03    0.26    2.63   25.40   70.91    0.78    0.00    0.00    0.00    0.00
  L6         62,423,040     0.000     0.816     0.002  |   0.00    0.00    0.00    0.03    0.25    2.51   24.33   72.06    0.81    0.00    0.00    0.00    0.00
  L7         62,423,040     0.000     1.392     0.001  |   0.00    0.00    0.00    0.02    0.23    2.27   22.12   73.97    1.39    0.00    0.00    0.00    0.00
  L8         62,423,040     0.000     1.646     0.007  |   0.00    0.00    0.00    0.02    0.22    2.19   21.57   74.35    1.64    0.01    0.00    0.00    0.00
  L9         62,423,040     0.000     1.424     0.027  |   0.00    0.00    0.00    0.02    0.24    2.36   23.03   72.93    1.40    0.01    0.01    0.00    0.00
  L10        62,423,040     0.000     1.124     0.015  |   0.00    0.00    0.00    0.03    0.27    2.72   26.27   69.59    1.11    0.00    0.01    0.00    0.00
  L11        62,423,040     0.000     1.978     0.015  |   0.00    0.00    0.00    0.03    0.29    2.88   27.45   67.38    1.96    0.01    0.00    0.00    0.00
  AGG      749,076,480     0.000     4.153     0.044  |   0.00    0.00    0.00    0.02    0.22    2.20   21.38   72.02    4.11    0.04    0.00    0.00    0.00

Probe: post_ffn_ln (Post-FFN sub-block)
  Layer            Count  pct_zero     pct>1    pct>10  | magnitude bin percentages ...
  ------------------------------------------------------------
  L0         62,423,040     0.000     5.133     0.000  |   0.00    0.00    0.00    0.01    0.15    1.51   14.96   78.24    5.13    0.00    0.00    0.00    0.00
  L1         62,423,040     0.000     6.069     0.005  |   0.00    0.00    0.00    0.02    0.15    1.51   15.00   77.26    6.06    0.00    0.00    0.00    0.00
  L2         62,423,040     0.000     6.585     0.003  |   0.00    0.00    0.00    0.02    0.15    1.53   15.03   76.68    6.58    0.00    0.00    0.00    0.00
  L3         62,423,040     0.000     8.080     0.102  |   0.00    0.00    0.00    0.02    0.15    1.53   14.25   75.98    7.98    0.10    0.00    0.00    0.00
  L4         62,423,040     0.000     7.796     0.108  |   0.00    0.00    0.00    0.02    0.16    1.62   14.28   76.13    7.69    0.11    0.00    0.00    0.00
  L5         62,423,040     0.000     9.255     0.106  |   0.00    0.00    0.00    0.01    0.14    1.47   13.60   75.51    9.15    0.11    0.00    0.00    0.00
  L6         62,423,040     0.000    10.189     0.094  |   0.00    0.00    0.00    0.01    0.14    1.41   13.18   75.06   10.09    0.09    0.00    0.00    0.00
  L7         62,423,040     0.000    11.108     0.082  |   0.00    0.00    0.00    0.01    0.13    1.33   12.64   74.78   11.03    0.08    0.00    0.00    0.00
  L8         62,423,040     0.000    12.017     0.076  |   0.00    0.00    0.00    0.01    0.12    1.24   12.24   74.37   11.94    0.08    0.00    0.00    0.00
  L9         62,423,040     0.000    11.643     0.083  |   0.00    0.00    0.00    0.01    0.15    1.47   13.22   73.50   11.56    0.08    0.00    0.00    0.00
  L10        62,423,040     0.000    11.800     0.095  |   0.00    0.00    0.00    0.02    0.17    1.67   13.27   73.07   11.71    0.09    0.00    0.00    0.00
  L11        62,423,040     0.000     2.681     0.000  |   0.00    0.00    0.00    0.02    0.21    2.08   20.43   74.58    2.68    0.00    0.00    0.00    0.00
  AGG      749,076,480     0.000     8.530     0.063  |   0.00    0.00    0.00    0.02    0.15    1.53   14.34   75.43    8.47    0.06    0.00    0.00    0.00

Probe: ln1_input (LN₁ input (pre-norm))
  Layer            Count  pct_zero     pct>1    pct>10  | magnitude bin percentages ...
  ------------------------------------------------------------

Probe: ln1_output (LN₁ output (pre-norm))
  Layer            Count  pct_zero     pct>1    pct>10  | magnitude bin percentages ...
  ------------------------------------------------------------

Probe: ln2_input (LN₂ input (pre-norm))
  Layer            Count  pct_zero     pct>1    pct>10  | magnitude bin percentages ...
  ------------------------------------------------------------

Probe: ln2_output (LN₂ output (pre-norm))
  Layer            Count  pct_zero     pct>1    pct>10  | magnitude bin percentages ...
  ------------------------------------------------------------

Probe: ln1_mean_sum (LN₁ Σxᵢ (mean sum))
  Layer            Count  pct_zero     pct>1    pct>10  | magnitude bin percentages ...
  ------------------------------------------------------------
  L0             81,280     0.000    98.618    90.128  |   0.00    0.00    0.00    0.00    0.00    0.02    0.14    1.23    8.49   90.13    0.00    0.00    0.00
  L1             81,280     0.000   100.000    94.801  |   0.00    0.00    0.00    0.00    0.00    0.00    0.00    0.00    5.20   94.80    0.00    0.00    0.00
  L2             81,280     0.000   100.000    52.867  |   0.00    0.00    0.00    0.00    0.00    0.00    0.00    0.00   47.13   52.87    0.00    0.00    0.00
  L3             81,280     0.000    99.984    93.404  |   0.00    0.00    0.00    0.00    0.00    0.00    0.00    0.01    6.58   93.40    0.00    0.00    0.00
  L4             81,280     0.000   100.000   100.000  |   0.00    0.00    0.00    0.00    0.00    0.00    0.00    0.00    0.00  100.00    0.00    0.00    0.00
  L5             81,280     0.000   100.000    99.866  |   0.00    0.00    0.00    0.00    0.00    0.00    0.00    0.00    0.13   99.87    0.00    0.00    0.00
  L6             81,280     0.000   100.000   100.000  |   0.00    0.00    0.00    0.00    0.00    0.00    0.00    0.00    0.00  100.00    0.00    0.00    0.00
  L7             81,280     0.000   100.000    99.999  |   0.00    0.00    0.00    0.00    0.00    0.00    0.00    0.00    0.00  100.00    0.00    0.00    0.00
  L8             81,280     0.000   100.000   100.000  |   0.00    0.00    0.00    0.00    0.00    0.00    0.00    0.00    0.00  100.00    0.00    0.00    0.00
  L9             81,280     0.000   100.000    98.438  |   0.00    0.00    0.00    0.00    0.00    0.00    0.00    0.00    1.56   98.44    0.00    0.00    0.00
  L10            81,280     0.000   100.000    96.282  |   0.00    0.00    0.00    0.00    0.00    0.00    0.00    0.00    3.72   96.28    0.00    0.00    0.00
  L11            81,280     0.000   100.000    97.061  |   0.00    0.00    0.00    0.00    0.00    0.00    0.00    0.00    2.94   97.06    0.00    0.00    0.00
  AGG          975,360     0.000    99.884    93.570  |   0.00    0.00    0.00    0.00    0.00    0.00    0.01    0.10    6.31   93.57    0.00    0.00    0.00

Probe: ln1_var_sum (LN₁ Σ(xᵢ−μ)²)
  Layer            Count  pct_zero     pct>1    pct>10  | magnitude bin percentages ...
  ------------------------------------------------------------
  L0             81,280     0.000   100.000   100.000  |   0.00    0.00    0.00    0.00    0.00    0.00    0.00    0.00    0.00    0.00  100.00    0.00    0.00
  L1             81,280     0.000   100.000   100.000  |   0.00    0.00    0.00    0.00    0.00    0.00    0.00    0.00    0.00    0.00  100.00    0.00    0.00
  L2             81,280     0.000   100.000   100.000  |   0.00    0.00    0.00    0.00    0.00    0.00    0.00    0.00    0.00    0.00  100.00    0.00    0.00
  L3             81,280     0.000   100.000   100.000  |   0.00    0.00    0.00    0.00    0.00    0.00    0.00    0.00    0.00    0.00  100.00    0.00    0.00
  L4             81,280     0.000   100.000   100.000  |   0.00    0.00    0.00    0.00    0.00    0.00    0.00    0.00    0.00    0.00  100.00    0.00    0.00
  L5             81,280     0.000   100.000   100.000  |   0.00    0.00    0.00    0.00    0.00    0.00    0.00    0.00    0.00    0.00  100.00    0.00    0.00
  L6             81,280     0.000   100.000   100.000  |   0.00    0.00    0.00    0.00    0.00    0.00    0.00    0.00    0.00    0.00  100.00    0.00    0.00
  L7             81,280     0.000   100.000   100.000  |   0.00    0.00    0.00    0.00    0.00    0.00    0.00    0.00    0.00    0.00  100.00    0.00    0.00
  L8             81,280     0.000   100.000   100.000  |   0.00    0.00    0.00    0.00    0.00    0.00    0.00    0.00    0.00    0.00   99.99    0.01    0.00
  L9             81,280     0.000   100.000   100.000  |   0.00    0.00    0.00    0.00    0.00    0.00    0.00    0.00    0.00    0.78   95.92    3.29    0.00
  L10            81,280     0.000   100.000   100.000  |   0.00    0.00    0.00    0.00    0.00    0.00    0.00    0.00    0.00    2.85   96.97    0.18    0.00
  L11            81,280     0.000   100.000   100.000  |   0.00    0.00    0.00    0.00    0.00    0.00    0.00    0.00    0.00    2.94   88.36    8.71    0.00
  AGG          975,360     0.000   100.000   100.000  |   0.00    0.00    0.00    0.00    0.00    0.00    0.00    0.00    0.00    0.55   98.44    1.02    0.00

Probe: ln1_var (LN₁ Variance)
  Layer            Count  pct_zero     pct>1    pct>10  | magnitude bin percentages ...
  ------------------------------------------------------------
  L0             81,280     0.000     0.000     0.000  |   0.00    0.00    0.00    0.00    0.00    0.00    0.00  100.00    0.00    0.00    0.00    0.00    0.00
  L1             81,280     0.000     0.000     0.000  |   0.00    0.00    0.00    0.00    0.00    0.00    0.00  100.00    0.00    0.00    0.00    0.00    0.00
  L2             81,280     0.000     0.026     0.000  |   0.00    0.00    0.00    0.00    0.00    0.00    0.00   99.97    0.03    0.00    0.00    0.00    0.00
  L3             81,280     0.000     0.036     0.000  |   0.00    0.00    0.00    0.00    0.00    0.00    0.00   99.96    0.04    0.00    0.00    0.00    0.00
  L4             81,280     0.000     0.504     0.000  |   0.00    0.00    0.00    0.00    0.00    0.00    0.00   99.50    0.50    0.00    0.00    0.00    0.00
  L5             81,280     0.000     0.899     0.000  |   0.00    0.00    0.00    0.00    0.00    0.00    0.00   99.10    0.90    0.00    0.00    0.00    0.00
  L6             81,280     0.000     0.500     0.000  |   0.00    0.00    0.00    0.00    0.00    0.00    0.00   99.50    0.50    0.00    0.00    0.00    0.00
  L7             81,280     0.000     0.552     0.000  |   0.00    0.00    0.00    0.00    0.00    0.00    0.00   99.45    0.55    0.00    0.00    0.00    0.00
  L8             81,280     0.000     6.836     0.000  |   0.00    0.00    0.00    0.00    0.00    0.00    0.00   93.16    6.84    0.00    0.00    0.00    0.00
  L9             81,280     0.000    31.433     0.000  |   0.00    0.00    0.00    0.00    0.00    0.00    0.08   68.49   31.43    0.00    0.00    0.00    0.00
  L10            81,280     0.000    25.364     0.000  |   0.00    0.00    0.00    0.00    0.00    0.00    2.79   71.85   25.36    0.00    0.00    0.00    0.00
  L11            81,280     0.000    44.149     0.000  |   0.00    0.00    0.00    0.00    0.00    0.00    2.93   52.92   44.15    0.00    0.00    0.00    0.00
  AGG          975,360     0.000     9.192     0.000  |   0.00    0.00    0.00    0.00    0.00    0.00    0.48   90.33    9.19    0.00    0.00    0.00    0.00

Probe: ln1_invstd (LN₁ 1/σ)
  Layer            Count  pct_zero     pct>1    pct>10  | magnitude bin percentages ...
  ------------------------------------------------------------
  L0             81,280     0.000   100.000     0.000  |   0.00    0.00    0.00    0.00    0.00    0.00    0.00    0.00  100.00    0.00    0.00    0.00    0.00
  L1             81,280     0.000   100.000     0.000  |   0.00    0.00    0.00    0.00    0.00    0.00    0.00    0.00  100.00    0.00    0.00    0.00    0.00
  L2             81,280     0.000    99.974     0.000  |   0.00    0.00    0.00    0.00    0.00    0.00    0.00    0.03   99.97    0.00    0.00    0.00    0.00
  L3             81,280     0.000    99.964     0.000  |   0.00    0.00    0.00    0.00    0.00    0.00    0.00    0.04   99.96    0.00    0.00    0.00    0.00
  L4             81,280     0.000    99.496     0.000  |   0.00    0.00    0.00    0.00    0.00    0.00    0.00    0.50   99.50    0.00    0.00    0.00    0.00
  L5             81,280     0.000    99.101     0.000  |   0.00    0.00    0.00    0.00    0.00    0.00    0.00    0.90   99.10    0.00    0.00    0.00    0.00
  L6             81,280     0.000    99.500     0.000  |   0.00    0.00    0.00    0.00    0.00    0.00    0.00    0.50   99.50    0.00    0.00    0.00    0.00
  L7             81,280     0.000    99.448     0.000  |   0.00    0.00    0.00    0.00    0.00    0.00    0.00    0.55   99.45    0.00    0.00    0.00    0.00
  L8             81,280     0.000    93.164     0.000  |   0.00    0.00    0.00    0.00    0.00    0.00    0.00    6.84   93.16    0.00    0.00    0.00    0.00
  L9             81,280     0.000    68.567     0.000  |   0.00    0.00    0.00    0.00    0.00    0.00    0.00   31.43   68.57    0.00    0.00    0.00    0.00
  L10            81,280     0.000    74.636     0.000  |   0.00    0.00    0.00    0.00    0.00    0.00    0.00   25.36   74.64    0.00    0.00    0.00    0.00
  L11            81,280     0.000    55.851     0.000  |   0.00    0.00    0.00    0.00    0.00    0.00    0.00   44.15   55.85    0.00    0.00    0.00    0.00
  AGG          975,360     0.000    90.808     0.000  |   0.00    0.00    0.00    0.00    0.00    0.00    0.00    9.19   90.81    0.00    0.00    0.00    0.00

Probe: ln2_mean_sum (LN₂ Σxᵢ (mean sum))
  Layer            Count  pct_zero     pct>1    pct>10  | magnitude bin percentages ...
  ------------------------------------------------------------
  L0             81,280     0.000    99.999    99.171  |   0.00    0.00    0.00    0.00    0.00    0.00    0.00    0.00    0.83   99.17    0.00    0.00    0.00
  L1             81,280     0.000    99.978    99.603  |   0.00    0.00    0.00    0.00    0.00    0.00    0.00    0.02    0.38   99.60    0.00    0.00    0.00
  L2             81,280     0.000    99.999    99.460  |   0.00    0.00    0.00    0.00    0.00    0.00    0.00    0.00    0.54   97.90    1.56    0.00    0.00
  L3             81,280     0.000    99.988    96.818  |   0.00    0.00    0.00    0.00    0.00    0.00    0.00    0.01    3.17   95.26    1.56    0.00    0.00
  L4             81,280     0.000   100.000    99.844  |   0.00    0.00    0.00    0.00    0.00    0.00    0.00    0.00    0.16   98.28    1.56    0.00    0.00
  L5             81,280     0.000   100.000    99.887  |   0.00    0.00    0.00    0.00    0.00    0.00    0.00    0.00    0.11   98.32    1.56    0.00    0.00
  L6             81,280     0.000   100.000    99.950  |   0.00    0.00    0.00    0.00    0.00    0.00    0.00    0.00    0.05   98.39    1.56    0.00    0.00
  L7             81,280     0.000   100.000   100.000  |   0.00    0.00    0.00    0.00    0.00    0.00    0.00    0.00    0.00   99.22    0.78    0.00    0.00
  L8             81,280     0.000   100.000   100.000  |   0.00    0.00    0.00    0.00    0.00    0.00    0.00    0.00    0.00   98.76    1.24    0.00    0.00
  L9             81,280     0.000   100.000   100.000  |   0.00    0.00    0.00    0.00    0.00    0.00    0.00    0.00    0.00   97.15    2.43    0.43    0.00
  L10            81,280     0.000   100.000    95.611  |   0.00    0.00    0.00    0.00    0.00    0.00    0.00    0.00    4.39   92.67    0.46    2.48    0.00
  L11            81,280     0.000   100.000    99.985  |   0.00    0.00    0.00    0.00    0.00    0.00    0.00    0.00    0.01   99.89    0.10    0.00    0.00
  AGG          975,360     0.000    99.997    99.194  |   0.00    0.00    0.00    0.00    0.00    0.00    0.00    0.00    0.80   97.88    1.07    0.24    0.00

Probe: ln2_var_sum (LN₂ Σ(xᵢ−μ)²)
  Layer            Count  pct_zero     pct>1    pct>10  | magnitude bin percentages ...
  ------------------------------------------------------------
  L0             81,280     0.000   100.000   100.000  |   0.00    0.00    0.00    0.00    0.00    0.00    0.00    0.00    0.00    0.00    2.58   97.42    0.00
  L1             81,280     0.000   100.000   100.000  |   0.00    0.00    0.00    0.00    0.00    0.00    0.00    0.00    0.00    0.00    4.86   95.14    0.00
  L2             81,280     0.000   100.000   100.000  |   0.00    0.00    0.00    0.00    0.00    0.00    0.00    0.00    0.00    0.00    7.13   91.30    1.56
  L3             81,280     0.000   100.000   100.000  |   0.00    0.00    0.00    0.00    0.00    0.00    0.00    0.00    0.00    0.00    8.22   90.21    1.56
  L4             81,280     0.000   100.000   100.000  |   0.00    0.00    0.00    0.00    0.00    0.00    0.00    0.00    0.00    0.00   11.85   86.59    1.56
  L5             81,280     0.000   100.000   100.000  |   0.00    0.00    0.00    0.00    0.00    0.00    0.00    0.00    0.00    0.00   44.62   53.82    1.56
  L6             81,280     0.000   100.000   100.000  |   0.00    0.00    0.00    0.00    0.00    0.00    0.00    0.00    0.00    0.00   77.00   21.44    1.56
  L7             81,280     0.000   100.000   100.000  |   0.00    0.00    0.00    0.00    0.00    0.00    0.00    0.00    0.00    0.00   69.19   30.03    0.78
  L8             81,280     0.000   100.000   100.000  |   0.00    0.00    0.00    0.00    0.00    0.00    0.00    0.00    0.00    0.00   61.80   36.93    1.27
  L9             81,280     0.000   100.000   100.000  |   0.00    0.00    0.00    0.00    0.00    0.00    0.00    0.00    0.00    0.00   85.44   11.75    2.81
  L10            81,280     0.000   100.000   100.000  |   0.00    0.00    0.00    0.00    0.00    0.00    0.00    0.00    0.00    0.00   87.35    9.72    2.93
  L11            81,280     0.000   100.000   100.000  |   0.00    0.00    0.00    0.00    0.00    0.00    0.00    0.00    0.00    0.00   22.98   77.02    0.00
  AGG          975,360     0.000   100.000   100.000  |   0.00    0.00    0.00    0.00    0.00    0.00    0.00    0.00    0.00    0.00   40.25   58.45    1.30

Probe: ln2_var (LN₂ Variance)
  Layer            Count  pct_zero     pct>1    pct>10  | magnitude bin percentages ...
  ------------------------------------------------------------
  L0             81,280     0.000    99.985     0.450  |   0.00    0.00    0.00    0.00    0.00    0.00    0.00    0.01   99.53    0.45    0.00    0.00    0.00
  L1             81,280     0.000    99.721     0.000  |   0.00    0.00    0.00    0.00    0.00    0.00    0.00    0.28   99.72    0.00    0.00    0.00    0.00
  L2             81,280     0.000    99.659     1.562  |   0.00    0.00    0.00    0.00    0.00    0.00    0.00    0.34   98.10    1.56    0.00    0.00    0.00
  L3             81,280     0.000    99.724     1.562  |   0.00    0.00    0.00    0.00    0.00    0.00    0.00    0.28   98.16    1.56    0.00    0.00    0.00
  L4             81,280     0.000    98.669     1.562  |   0.00    0.00    0.00    0.00    0.00    0.00    0.00    1.33   97.11    1.56    0.00    0.00    0.00
  L5             81,280     0.000    97.409     1.562  |   0.00    0.00    0.00    0.00    0.00    0.00    0.00    2.59   95.85    1.56    0.00    0.00    0.00
  L6             81,280     0.000    96.174     1.562  |   0.00    0.00    0.00    0.00    0.00    0.00    0.00    3.83   94.61    1.56    0.00    0.00    0.00
  L7             81,280     0.000    75.230     1.562  |   0.00    0.00    0.00    0.00    0.00    0.00    0.00   24.77   73.67    1.56    0.00    0.00    0.00
  L8             81,280     0.000    60.500     2.229  |   0.00    0.00    0.00    0.00    0.00    0.00    0.00   39.50   58.27    2.23    0.00    0.00    0.00
  L9             81,280     0.000    45.534     2.831  |   0.00    0.00    0.00    0.00    0.00    0.00    0.00   54.47   42.70    0.29    1.89    0.66    0.00
  L10            81,280     0.000    44.998     2.934  |   0.00    0.00    0.00    0.00    0.00    0.00    0.00   55.00   42.06    0.08    0.73    2.12    0.00
  L11            81,280     0.000    95.379     0.025  |   0.00    0.00    0.00    0.00    0.00    0.00    0.00    4.62   95.35    0.02    0.00    0.00    0.00
  AGG          975,360     0.000    84.415     1.487  |   0.00    0.00    0.00    0.00    0.00    0.00    0.00   15.58   82.93    1.04    0.22    0.23    0.00

Probe: ln2_invstd (LN₂ 1/σ)
  Layer            Count  pct_zero     pct>1    pct>10  | magnitude bin percentages ...
  ------------------------------------------------------------
  L0             81,280     0.000     0.015     0.000  |   0.00    0.00    0.00    0.00    0.00    0.00    0.00   99.99    0.01    0.00    0.00    0.00    0.00
  L1             81,280     0.000     0.279     0.000  |   0.00    0.00    0.00    0.00    0.00    0.00    0.00   99.72    0.28    0.00    0.00    0.00    0.00
  L2             81,280     0.000     0.341     0.000  |   0.00    0.00    0.00    0.00    0.00    0.00    0.00   99.66    0.34    0.00    0.00    0.00    0.00
  L3             81,280     0.000     0.276     0.000  |   0.00    0.00    0.00    0.00    0.00    0.00    0.00   99.72    0.28    0.00    0.00    0.00    0.00
  L4             81,280     0.000     1.331     0.000  |   0.00    0.00    0.00    0.00    0.00    0.00    0.00   98.67    1.33    0.00    0.00    0.00    0.00
  L5             81,280     0.000     2.591     0.000  |   0.00    0.00    0.00    0.00    0.00    0.00    0.00   97.41    2.59    0.00    0.00    0.00    0.00
  L6             81,280     0.000     3.826     0.000  |   0.00    0.00    0.00    0.00    0.00    0.00    0.00   96.17    3.83    0.00    0.00    0.00    0.00
  L7             81,280     0.000    24.770     0.000  |   0.00    0.00    0.00    0.00    0.00    0.00    0.00   75.23   24.77    0.00    0.00    0.00    0.00
  L8             81,280     0.000    39.500     0.000  |   0.00    0.00    0.00    0.00    0.00    0.00    0.00   60.50   39.50    0.00    0.00    0.00    0.00
  L9             81,280     0.000    54.466     0.000  |   0.00    0.00    0.00    0.00    0.00    0.00    2.54   42.99   54.47    0.00    0.00    0.00    0.00
  L10            81,280     0.000    55.002     0.000  |   0.00    0.00    0.00    0.00    0.00    0.00    2.85   42.15   55.00    0.00    0.00    0.00    0.00
  L11            81,280     0.000     4.621     0.000  |   0.00    0.00    0.00    0.00    0.00    0.00    0.00   95.38    4.62    0.00    0.00    0.00    0.00
  AGG          975,360     0.000    15.585     0.000  |   0.00    0.00    0.00    0.00    0.00    0.00    0.45   83.97   15.58    0.00    0.00    0.00    0.00

Probe: softmax_x_shifted (Softmax x−max)
  Layer            Count  pct_zero     pct>1    pct>10  | magnitude bin percentages ...
  ------------------------------------------------------------
  L0         36,155,904     0.000    88.888     7.507  |   2.70    0.00    0.00    0.00    0.00    0.03    0.38    8.00   81.38    7.51    0.00    0.00    0.00
  L1         36,155,904     0.000    88.252     5.586  |   2.70    0.00    0.00    0.00    0.00    0.03    0.37    8.64   82.67    5.59    0.00    0.00    0.00
  L2         36,155,904     0.000    93.510    13.230  |   2.70    0.00    0.00    0.00    0.00    0.03    0.28    3.48   80.28   13.23    0.00    0.00    0.00
  L3         36,155,904     0.000    88.269     2.346  |   2.70    0.00    0.00    0.00    0.01    0.10    0.91    8.02   85.92    2.35    0.00    0.00    0.00
  L4         36,155,904     0.000    89.816     0.802  |   2.70    0.00    0.00    0.00    0.00    0.04    1.39    6.05   89.01    0.80    0.00    0.00    0.00
  L5         36,155,904     0.000    93.266     4.464  |   2.70    0.00    0.00    0.00    0.00    0.01    1.17    2.86   88.80    4.46    0.00    0.00    0.00
  L6         36,155,904     0.000    92.813     3.283  |   2.70    0.00    0.00    0.00    0.01    0.09    1.99    2.40   89.53    3.28    0.00    0.00    0.00
  L7         36,155,904     0.000    92.961     2.629  |   2.70    0.00    0.00    0.00    0.01    0.08    1.18    3.07   90.33    2.63    0.00    0.00    0.00
  L8         36,155,904     0.000    92.639     2.253  |   2.70    0.00    0.00    0.00    0.00    0.01    0.14    4.51   90.39    2.25    0.00    0.00    0.00
  L9         36,155,904     0.000    91.916     0.609  |   2.70    0.00    0.00    0.00    0.00    0.02    0.24    5.12   91.31    0.61    0.00    0.00    0.00
  L10        36,155,904     0.000    90.001     1.292  |   2.70    0.00    0.00    0.00    0.01    0.06    0.74    6.49   88.71    1.29    0.00    0.00    0.00
  L11        36,155,904     0.000    87.762     0.122  |   2.70    0.00    0.00    0.00    0.02    0.24    3.36    5.92   87.64    0.12    0.00    0.00    0.00
  AGG      433,870,848     0.000    90.841     3.677  |   2.70    0.00    0.00    0.00    0.01    0.06    1.01    5.38   87.16    3.68    0.00    0.00    0.00

Probe: softmax_exp_scaled (x/2^n)
  Layer            Count  pct_zero     pct>1    pct>10  | magnitude bin percentages ...
  ------------------------------------------------------------
  L0         36,155,904     0.000    40.836     0.000  |   2.70    0.00    0.00    0.00    0.01    0.14    2.06   54.25   40.84    0.00    0.00    0.00    0.00
  L1         36,155,904     0.000    36.110     0.000  |   2.70    0.00    0.00    0.00    0.01    0.14    2.21   58.83   36.11    0.00    0.00    0.00    0.00
  L2         36,155,904     0.000    41.208     0.059  |   2.70    0.00    0.00    0.00    0.01    0.11    1.08   54.89   41.15    0.06    0.00    0.00    0.00
  L3         36,155,904     0.000    42.746     0.000  |   2.70    0.00    0.00    0.00    0.04    0.40    3.20   50.91   42.75    0.00    0.00    0.00    0.00
  L4         36,155,904     0.000    39.543     0.000  |   2.70    0.00    0.00    0.00    0.02    0.30    2.96   54.48   39.54    0.00    0.00    0.00    0.00
  L5         36,155,904     0.000    66.790     0.000  |   2.70    0.00    0.00    0.00    0.00    0.04    2.71   27.75   66.79    0.00    0.00    0.00    0.00
  L6         36,155,904     0.000    62.406     0.000  |   2.70    0.00    0.00    0.00    0.03    0.54    2.23   32.10   62.41    0.00    0.00    0.00    0.00
  L7         36,155,904     0.000    66.768     0.000  |   2.70    0.00    0.00    0.00    0.03    0.31    2.36   27.83   66.77    0.00    0.00    0.00    0.00
  L8         36,155,904     0.000    59.305     0.000  |   2.70    0.00    0.00    0.00    0.01    0.05    2.54   35.40   59.30    0.00    0.00    0.00    0.00
  L9         36,155,904     0.000    47.356     0.000  |   2.70    0.00    0.00    0.00    0.01    0.09    1.35   48.50   47.36    0.00    0.00    0.00    0.00
  L10        36,155,904     0.000    54.277     0.000  |   2.70    0.00    0.00    0.00    0.03    0.27    3.32   39.41   54.28    0.00    0.00    0.00    0.00
  L11        36,155,904     0.000    44.762     0.000  |   2.70    0.00    0.00    0.01    0.09    1.58    4.73   46.14   44.76    0.00    0.00    0.00    0.00
  AGG      433,870,848     0.000    50.176     0.005  |   2.70    0.00    0.00    0.00    0.02    0.33    2.56   44.21   50.17    0.00    0.00    0.00    0.00

Probe: softmax_exp_base (1 + x/2^n)
  Layer            Count  pct_zero     pct>1    pct>10  | magnitude bin percentages ...
  ------------------------------------------------------------
  L0         36,155,904     0.000    14.092     0.000  |   0.00    0.00    0.00    0.01    0.09    0.88    8.61   76.32   14.09    0.00    0.00    0.00    0.00
  L1         36,155,904     0.000     9.388     0.000  |   0.00    0.00    0.00    0.01    0.10    1.05   10.47   78.98    9.39    0.00    0.00    0.00    0.00
  L2         36,155,904     0.000    15.556     0.014  |   0.00    0.00    0.00    0.01    0.11    1.15   11.45   71.72   15.54    0.01    0.00    0.00    0.00
  L3         36,155,904     0.000     7.096     0.000  |   0.00    0.00    0.00    0.01    0.10    1.00   10.01   81.78    7.10    0.00    0.00    0.00    0.00
  L4         36,155,904     0.000     3.736     0.000  |   0.00    0.00    0.00    0.01    0.12    1.24   12.37   82.51    3.74    0.00    0.00    0.00    0.00
  L5         36,155,904     0.000    15.241     0.000  |   0.00    0.00    0.00    0.01    0.10    0.99    9.86   73.80   15.24    0.00    0.00    0.00    0.00
  L6         36,155,904     0.000    12.048     0.000  |   0.00    0.00    0.00    0.01    0.11    1.08   10.81   75.94   12.05    0.00    0.00    0.00    0.00
  L7         36,155,904     0.000    11.520     0.000  |   0.00    0.00    0.00    0.01    0.11    1.06   10.58   76.73   11.52    0.00    0.00    0.00    0.00
  L8         36,155,904     0.000     9.195     0.000  |   0.00    0.00    0.00    0.01    0.13    1.25   12.42   76.99    9.19    0.00    0.00    0.00    0.00
  L9         36,155,904     0.000     3.572     0.000  |   0.00    0.00    0.00    0.01    0.14    1.44   14.24   80.59    3.57    0.00    0.00    0.00    0.00
  L10        36,155,904     0.000     5.193     0.000  |   0.00    0.00    0.00    0.01    0.13    1.30   12.86   80.51    5.19    0.00    0.00    0.00    0.00
  L11        36,155,904     0.000     1.355     0.000  |   0.00    0.00    0.00    0.01    0.15    1.46   14.44   82.58    1.35    0.00    0.00    0.00    0.00
  AGG      433,870,848     0.000     8.999     0.001  |   0.00    0.00    0.00    0.01    0.12    1.16   11.51   78.20    9.00    0.00    0.00    0.00    0.00

Probe: softmax_exp_sq1 ((1+x/2^n)^2)
  Layer            Count  pct_zero     pct>1    pct>10  | magnitude bin percentages ...
  ------------------------------------------------------------
  L0         36,155,904     0.000    14.092     0.053  |   0.03    0.07    0.21    0.67    2.10    6.50   21.05   55.27   14.04    0.05    0.00    0.00    0.00
  L1         36,155,904     0.000     9.388     0.434  |   0.04    0.08    0.25    0.80    2.52    7.96   24.86   54.12    8.95    0.43    0.00    0.00    0.00
  L2         36,155,904     0.000    15.556     7.832  |   0.04    0.09    0.28    0.88    2.77    8.68   26.13   45.59    7.72    7.82    0.01    0.00    0.00
  L3         36,155,904     0.000     7.096     0.020  |   0.03    0.08    0.24    0.76    2.40    7.61   23.92   57.86    7.08    0.02    0.00    0.00    0.00
  L4         36,155,904     0.000     3.736     0.000  |   0.04    0.09    0.30    0.94    2.98    9.39   28.44   54.07    3.74    0.00    0.00    0.00    0.00
  L5         36,155,904     0.000    15.241     0.051  |   0.03    0.08    0.24    0.75    2.37    7.49   22.67   51.12   15.19    0.05    0.00    0.00    0.00
  L6         36,155,904     0.000    12.048     0.021  |   0.04    0.08    0.26    0.82    2.61    8.20   24.78   51.16   12.03    0.02    0.00    0.00    0.00
  L7         36,155,904     0.000    11.520     0.006  |   0.04    0.08    0.26    0.80    2.55    8.03   24.23   52.49   11.51    0.01    0.00    0.00    0.00
  L8         36,155,904     0.000     9.195     0.005  |   0.04    0.09    0.30    0.95    3.00    9.42   27.31   49.68    9.19    0.00    0.00    0.00    0.00
  L9         36,155,904     0.000     3.572     0.000  |   0.05    0.11    0.35    1.09    3.45   10.79   30.92   49.67    3.57    0.00    0.00    0.00    0.00
  L10        36,155,904     0.000     5.193     0.024  |   0.05    0.10    0.31    0.98    3.11    9.75   28.28   52.23    5.17    0.02    0.00    0.00    0.00
  L11        36,155,904     0.000     1.355     0.000  |   0.05    0.11    0.35    1.11    3.50   10.95   31.35   51.24    1.35    0.00    0.00    0.00    0.00
  AGG      433,870,848     0.000     8.999     0.704  |   0.04    0.09    0.28    0.88    2.78    8.73   26.16   52.04    8.30    0.70    0.00    0.00    0.00

Probe: softmax_exp_sq2 ((1+x/2^n)^4)
  Layer            Count  pct_zero     pct>1    pct>10  | magnitude bin percentages ...
  ------------------------------------------------------------
  L0         36,155,904     0.000    14.092     4.734  |   1.74    1.34    2.37    4.14    7.38   13.67   24.76   30.51    9.36    4.68    0.05    0.00    0.00
  L1         36,155,904     0.000     9.388     4.004  |   2.07    1.61    2.86    5.09    9.10   15.76   24.55   29.57    5.38    3.57    0.43    0.00    0.00
  L2         36,155,904     0.000    15.556    12.344  |   2.28    1.77    3.14    5.54    9.69   16.44   25.57   20.02    3.21    4.51    6.07    1.75    0.01
  L3         36,155,904     0.000     7.096     1.202  |   1.98    1.54    2.74    4.87    8.64   15.28   25.80   32.06    5.89    1.18    0.02    0.00    0.00
  L4         36,155,904     0.000     3.736     0.312  |   2.45    1.91    3.39    6.00   10.54   17.90   26.59   27.49    3.42    0.31    0.00    0.00    0.00
  L5         36,155,904     0.000    15.241     2.164  |   1.96    1.52    2.70    4.79    8.40   14.27   21.80   29.33   13.08    2.11    0.05    0.00    0.00
  L6         36,155,904     0.000    12.048     1.470  |   2.14    1.67    2.96    5.24    9.20   15.58   22.96   28.21   10.58    1.45    0.02    0.00    0.00
  L7         36,155,904     0.000    11.520     1.018  |   2.09    1.63    2.90    5.14    8.99   15.24   22.95   29.54   10.50    1.01    0.01    0.00    0.00
  L8         36,155,904     0.000     9.195     0.901  |   2.47    1.92    3.41    6.01   10.39   16.92   23.27   26.41    8.29    0.90    0.00    0.00    0.00
  L9         36,155,904     0.000     3.572     0.202  |   2.84    2.20    3.91    6.88   11.83   19.09   25.37   24.30    3.37    0.20    0.00    0.00    0.00
  L10        36,155,904     0.000     5.193     0.647  |   2.56    1.99    3.53    6.22   10.75   17.53   24.19   28.04    4.55    0.62    0.02    0.00    0.00
  L11        36,155,904     0.000     1.355     0.036  |   2.88    2.24    3.97    6.98   12.01   19.33   25.11   26.12    1.32    0.04    0.00    0.00    0.00
  AGG      433,870,848     0.000     8.999     2.419  |   2.29    1.78    3.16    5.57    9.74   16.42   24.41   27.63    6.58    1.72    0.56    0.15    0.00

Probe: softmax_exp_sq3 ((1+x/2^n)^8)
  Layer            Count  pct_zero     pct>1    pct>10  | magnitude bin percentages ...
  ------------------------------------------------------------

Probe: softmax_exp_sq4 ((1+x/2^n)^16)
  Layer            Count  pct_zero     pct>1    pct>10  | magnitude bin percentages ...
  ------------------------------------------------------------

Probe: softmax_exp_sq5 ((1+x/2^n)^32)
  Layer            Count  pct_zero     pct>1    pct>10  | magnitude bin percentages ...
  ------------------------------------------------------------

Probe: softmax_exp_sq6 ((1+x/2^n)^64)
  Layer            Count  pct_zero     pct>1    pct>10  | magnitude bin percentages ...
  ------------------------------------------------------------

Probe: softmax_exp_raw (Approx exp (pre-mask))
  Layer            Count  pct_zero     pct>1    pct>10  | magnitude bin percentages ...
  ------------------------------------------------------------
  L0         36,155,904     0.000    14.092     4.734  |   1.74    1.34    2.37    4.14    7.38   13.67   24.76   30.51    9.36    4.68    0.05    0.00    0.00
  L1         36,155,904     0.000     9.388     4.004  |   2.07    1.61    2.86    5.09    9.10   15.76   24.55   29.57    5.38    3.57    0.43    0.00    0.00
  L2         36,155,904     0.000    15.556    12.344  |   2.28    1.77    3.14    5.54    9.69   16.44   25.57   20.02    3.21    4.51    6.07    1.75    0.01
  L3         36,155,904     0.000     7.096     1.202  |   1.98    1.54    2.74    4.87    8.64   15.28   25.80   32.06    5.89    1.18    0.02    0.00    0.00
  L4         36,155,904     0.000     3.736     0.312  |   2.45    1.91    3.39    6.00   10.54   17.90   26.59   27.49    3.42    0.31    0.00    0.00    0.00
  L5         36,155,904     0.000    15.241     2.164  |   1.96    1.52    2.70    4.79    8.40   14.27   21.80   29.33   13.08    2.11    0.05    0.00    0.00
  L6         36,155,904     0.000    12.048     1.470  |   2.14    1.67    2.96    5.24    9.20   15.58   22.96   28.21   10.58    1.45    0.02    0.00    0.00
  L7         36,155,904     0.000    11.520     1.018  |   2.09    1.63    2.90    5.14    8.99   15.24   22.95   29.54   10.50    1.01    0.01    0.00    0.00
  L8         36,155,904     0.000     9.195     0.901  |   2.47    1.92    3.41    6.01   10.39   16.92   23.27   26.41    8.29    0.90    0.00    0.00    0.00
  L9         36,155,904     0.000     3.572     0.202  |   2.84    2.20    3.91    6.88   11.83   19.09   25.37   24.30    3.37    0.20    0.00    0.00    0.00
  L10        36,155,904     0.000     5.193     0.647  |   2.56    1.99    3.53    6.22   10.75   17.53   24.19   28.04    4.55    0.62    0.02    0.00    0.00
  L11        36,155,904     0.000     1.355     0.036  |   2.88    2.24    3.97    6.98   12.01   19.33   25.11   26.12    1.32    0.04    0.00    0.00    0.00
  AGG      433,870,848     0.000     8.999     2.419  |   2.29    1.78    3.16    5.57    9.74   16.42   24.41   27.63    6.58    1.72    0.56    0.15    0.00

Probe: softmax_exp_out (Approx exp (masked))
  Layer            Count  pct_zero     pct>1    pct>10  | magnitude bin percentages ...
  ------------------------------------------------------------
  L0        124,846,080    82.866     0.000     0.000  |   0.26    0.20    0.37    0.68    1.31    2.63    5.21    6.47    0.00    0.00    0.00    0.00    0.00
  L1        124,846,080    81.497     0.000     0.000  |   0.30    0.24    0.44    0.81    1.55    2.99    5.29    6.89    0.00    0.00    0.00    0.00    0.00
  L2        124,846,080    82.974     0.000     0.000  |   0.33    0.27    0.48    0.89    1.69    3.23    5.74    4.39    0.00    0.00    0.00    0.00    0.00
  L3        124,846,080    83.419     0.000     0.000  |   0.29    0.23    0.41    0.74    1.35    2.54    4.72    6.31    0.00    0.00    0.00    0.00    0.00
  L4        124,846,080    82.491     0.000     0.000  |   0.36    0.28    0.51    0.93    1.71    3.12    5.03    5.58    0.00    0.00    0.00    0.00    0.00
  L5        124,846,080    90.382     0.000     0.000  |   0.28    0.22    0.38    0.67    1.15    1.82    2.29    2.81    0.00    0.00    0.00    0.00    0.00
  L6        124,846,080    89.113     0.000     0.000  |   0.31    0.24    0.42    0.74    1.28    2.08    2.65    3.15    0.00    0.00    0.00    0.00    0.00
  L7        124,846,080    90.376     0.000     0.000  |   0.30    0.23    0.40    0.69    1.15    1.74    2.14    2.97    0.00    0.00    0.00    0.00    0.00
  L8        124,846,080    88.214     0.000     0.000  |   0.36    0.28    0.49    0.86    1.45    2.28    2.80    3.28    0.00    0.00    0.00    0.00    0.00
  L9        124,846,080    84.754     0.000     0.000  |   0.41    0.32    0.57    1.02    1.78    2.93    3.99    4.22    0.00    0.00    0.00    0.00    0.00
  L10       124,846,080    86.759     0.000     0.000  |   0.37    0.29    0.50    0.87    1.47    2.29    2.99    4.47    0.00    0.00    0.00    0.00    0.00
  L11       124,846,080    84.003     0.000     0.000  |   0.42    0.32    0.57    1.01    1.75    2.85    3.80    5.26    0.00    0.00    0.00    0.00    0.00
  AGG    1,498,152,960    85.571     0.000     0.000  |   0.33    0.26    0.46    0.83    1.47    2.54    3.89    4.65    0.00    0.00    0.00    0.00    0.00

Probe: softmax_sum_exp (Σ exp (denominator))
  Layer            Count  pct_zero     pct>1    pct>10  | magnitude bin percentages ...
  ------------------------------------------------------------
  L0            975,360     0.000    85.378     5.919  |   0.00    0.00    0.00    0.00    0.00    0.00    0.00   14.62   79.46    5.92    0.00    0.00    0.00
  L1            975,360     0.000    95.546     9.170  |   0.00    0.00    0.00    0.00    0.00    0.00    0.00    4.45   86.38    9.17    0.00    0.00    0.00
  L2            975,360     0.000    94.233     0.834  |   0.00    0.00    0.00    0.00    0.00    0.00    0.00    5.77   93.40    0.83    0.00    0.00    0.00
  L3            975,360     0.000    99.556     3.531  |   0.00    0.00    0.00    0.00    0.00    0.00    0.00    0.44   96.02    3.53    0.00    0.00    0.00
  L4            975,360     0.000    99.952     2.745  |   0.00    0.00    0.00    0.00    0.00    0.00    0.00    0.05   97.21    2.75    0.00    0.00    0.00
  L5            975,360     0.000    99.692     0.051  |   0.00    0.00    0.00    0.00    0.00    0.00    0.00    0.31   99.64    0.05    0.00    0.00    0.00
  L6            975,360     0.000    99.792     0.061  |   0.00    0.00    0.00    0.00    0.00    0.00    0.00    0.21   99.73    0.06    0.00    0.00    0.00
  L7            975,360     0.000    99.815     0.019  |   0.00    0.00    0.00    0.00    0.00    0.00    0.00    0.19   99.80    0.02    0.00    0.00    0.00
  L8            975,360     0.000    99.966     0.092  |   0.00    0.00    0.00    0.00    0.00    0.00    0.00    0.03   99.87    0.09    0.00    0.00    0.00
  L9            975,360     0.000    99.985     0.319  |   0.00    0.00    0.00    0.00    0.00    0.00    0.00    0.02   99.67    0.32    0.00    0.00    0.00
  L10           975,360     0.000    99.950     0.814  |   0.00    0.00    0.00    0.00    0.00    0.00    0.00    0.05   99.14    0.81    0.00    0.00    0.00
  L11           975,360     0.000    99.976     1.919  |   0.00    0.00    0.00    0.00    0.00    0.00    0.00    0.02   98.06    1.92    0.00    0.00    0.00
  AGG       11,704,320     0.000    97.820     2.123  |   0.00    0.00    0.00    0.00    0.00    0.00    0.00    2.18   95.70    2.12    0.00    0.00    0.00

Probe: gelu_x2 (x^2)
  Layer            Count  pct_zero     pct>1    pct>10  | magnitude bin percentages ...
  ------------------------------------------------------------
  L11       249,692,160     0.000    57.151     0.582  |   0.01    0.02    0.07    0.23    0.74    2.34    7.73   31.70   56.57    0.58    0.01    0.00    0.00
  AGG      249,692,160     0.000    57.151     0.582  |   0.01    0.02    0.07    0.23    0.74    2.34    7.73   31.70   56.57    0.58    0.01    0.00    0.00

Probe: gelu_x3 (x^3)
  Layer            Count  pct_zero     pct>1    pct>10  | magnitude bin percentages ...
  ------------------------------------------------------------

Probe: gelu_x4 (x^4)
  Layer            Count  pct_zero     pct>1    pct>10  | magnitude bin percentages ...
  ------------------------------------------------------------

Probe: gelu_neg_t0 (GELU neg  c0·x^0)
  Layer            Count  pct_zero     pct>1    pct>10  | magnitude bin percentages ...
  ------------------------------------------------------------
  L0        249,692,160     0.000     0.000     0.000  |   0.00    0.00    0.00    0.00    0.00    0.00    0.00  100.00    0.00    0.00    0.00    0.00    0.00
  L1        249,692,160     0.000     0.000     0.000  |   0.00    0.00    0.00    0.00    0.00    0.00    0.00  100.00    0.00    0.00    0.00    0.00    0.00
  L2        249,692,160     0.000     0.000     0.000  |   0.00    0.00    0.00    0.00    0.00    0.00    0.00  100.00    0.00    0.00    0.00    0.00    0.00
  L3        249,692,160     0.000     0.000     0.000  |   0.00    0.00    0.00    0.00    0.00    0.00    0.00  100.00    0.00    0.00    0.00    0.00    0.00
  L4        249,692,160     0.000     0.000     0.000  |   0.00    0.00    0.00    0.00    0.00    0.00    0.00  100.00    0.00    0.00    0.00    0.00    0.00
  L5        249,692,160     0.000     0.000     0.000  |   0.00    0.00    0.00    0.00    0.00    0.00    0.00  100.00    0.00    0.00    0.00    0.00    0.00
  L6        249,692,160     0.000     0.000     0.000  |   0.00    0.00    0.00    0.00    0.00    0.00    0.00  100.00    0.00    0.00    0.00    0.00    0.00
  L7        249,692,160     0.000     0.000     0.000  |   0.00    0.00    0.00    0.00    0.00    0.00    0.00  100.00    0.00    0.00    0.00    0.00    0.00
  L8        249,692,160     0.000     0.000     0.000  |   0.00    0.00    0.00    0.00    0.00    0.00    0.00  100.00    0.00    0.00    0.00    0.00    0.00
  L9        249,692,160     0.000     0.000     0.000  |   0.00    0.00    0.00    0.00    0.00    0.00    0.00  100.00    0.00    0.00    0.00    0.00    0.00
  L10       249,692,160     0.000     0.000     0.000  |   0.00    0.00    0.00    0.00    0.00    0.00    0.00  100.00    0.00    0.00    0.00    0.00    0.00
  L11       249,692,160     0.000     0.000     0.000  |   0.00    0.00    0.00    0.00    0.00    0.00    0.00  100.00    0.00    0.00    0.00    0.00    0.00
  AGG    2,996,305,920     0.000     0.000     0.000  |   0.00    0.00    0.00    0.00    0.00    0.00    0.00  100.00    0.00    0.00    0.00    0.00    0.00

Probe: gelu_neg_t1 (GELU neg  c1·x^1)
  Layer            Count  pct_zero     pct>1    pct>10  | magnitude bin percentages ...
  ------------------------------------------------------------
  L0        249,692,160     0.000     0.010     0.000  |   0.00    0.00    0.00    0.02    0.17    1.73   19.91   78.16    0.01    0.00    0.00    0.00    0.00
  L1        249,692,160     0.000     0.006     0.000  |   0.00    0.00    0.00    0.02    0.21    2.09   30.25   67.43    0.01    0.00    0.00    0.00    0.00
  L2        249,692,160     0.000     0.026     0.000  |   0.00    0.00    0.00    0.02    0.19    1.88   26.76   71.12    0.03    0.00    0.00    0.00    0.00
  L3        249,692,160     0.000     0.017     0.000  |   0.00    0.00    0.00    0.02    0.22    2.22   28.48   69.03    0.02    0.00    0.00    0.00    0.00
  L4        249,692,160     0.000     0.008     0.000  |   0.00    0.00    0.00    0.02    0.22    2.20   27.85   69.70    0.01    0.00    0.00    0.00    0.00
  L5        249,692,160     0.000     0.003     0.000  |   0.00    0.00    0.00    0.02    0.23    2.28   30.66   66.80    0.00    0.00    0.00    0.00    0.00
  L6        249,692,160     0.000     0.002     0.000  |   0.00    0.00    0.00    0.03    0.26    2.58   32.84   64.29    0.00    0.00    0.00    0.00    0.00
  L7        249,692,160     0.000     0.005     0.000  |   0.00    0.00    0.00    0.03    0.29    2.93   37.65   59.09    0.01    0.00    0.00    0.00    0.00
  L8        249,692,160     0.000     0.001     0.000  |   0.00    0.00    0.00    0.03    0.34    3.39   43.83   52.40    0.00    0.00    0.00    0.00    0.00
  L9        249,692,160     0.000     0.063     0.000  |   0.00    0.00    0.00    0.03    0.35    3.50   47.07   48.99    0.06    0.00    0.00    0.00    0.00
  L10       249,692,160     0.000     0.030     0.000  |   0.00    0.00    0.00    0.03    0.31    3.13   48.11   48.39    0.03    0.00    0.00    0.00    0.00
  L11       249,692,160     0.000     0.000     0.000  |   0.00    0.00    0.01    0.05    0.55    5.53   75.36   18.50    0.00    0.00    0.00    0.00    0.00
  AGG    2,996,305,920     0.000     0.014     0.000  |   0.00    0.00    0.00    0.03    0.28    2.79   37.40   59.49    0.01    0.00    0.00    0.00    0.00

Probe: gelu_neg_t2 (GELU neg  c2·x^2)
  Layer            Count  pct_zero     pct>1    pct>10  | magnitude bin percentages ...
  ------------------------------------------------------------
  L11       249,692,160     0.000     0.060     0.001  |   0.05    0.11    0.36    1.13    3.61   12.55   53.17   28.96    0.06    0.00    0.00    0.00    0.00
  AGG      249,692,160     0.000     0.060     0.001  |   0.05    0.11    0.36    1.13    3.61   12.55   53.17   28.96    0.06    0.00    0.00    0.00    0.00

Probe: gelu_neg_t3 (GELU neg  c3·x^3)
  Layer            Count  pct_zero     pct>1    pct>10  | magnitude bin percentages ...
  ------------------------------------------------------------

Probe: gelu_neg_t4 (GELU neg  c4·x^4)
  Layer            Count  pct_zero     pct>1    pct>10  | magnitude bin percentages ...
  ------------------------------------------------------------

Probe: gelu_pos_t0 (GELU pos  c0·x^0)
  Layer            Count  pct_zero     pct>1    pct>10  | magnitude bin percentages ...
  ------------------------------------------------------------
  L0        249,692,160     0.000     0.000     0.000  |   0.00    0.00    0.00    0.00    0.00    0.00    0.00  100.00    0.00    0.00    0.00    0.00    0.00
  L1        249,692,160     0.000     0.000     0.000  |   0.00    0.00    0.00    0.00    0.00    0.00    0.00  100.00    0.00    0.00    0.00    0.00    0.00
  L2        249,692,160     0.000     0.000     0.000  |   0.00    0.00    0.00    0.00    0.00    0.00    0.00  100.00    0.00    0.00    0.00    0.00    0.00
  L3        249,692,160     0.000     0.000     0.000  |   0.00    0.00    0.00    0.00    0.00    0.00    0.00  100.00    0.00    0.00    0.00    0.00    0.00
  L4        249,692,160     0.000     0.000     0.000  |   0.00    0.00    0.00    0.00    0.00    0.00    0.00  100.00    0.00    0.00    0.00    0.00    0.00
  L5        249,692,160     0.000     0.000     0.000  |   0.00    0.00    0.00    0.00    0.00    0.00    0.00  100.00    0.00    0.00    0.00    0.00    0.00
  L6        249,692,160     0.000     0.000     0.000  |   0.00    0.00    0.00    0.00    0.00    0.00    0.00  100.00    0.00    0.00    0.00    0.00    0.00
  L7        249,692,160     0.000     0.000     0.000  |   0.00    0.00    0.00    0.00    0.00    0.00    0.00  100.00    0.00    0.00    0.00    0.00    0.00
  L8        249,692,160     0.000     0.000     0.000  |   0.00    0.00    0.00    0.00    0.00    0.00    0.00  100.00    0.00    0.00    0.00    0.00    0.00
  L9        249,692,160     0.000     0.000     0.000  |   0.00    0.00    0.00    0.00    0.00    0.00    0.00  100.00    0.00    0.00    0.00    0.00    0.00
  L10       249,692,160     0.000     0.000     0.000  |   0.00    0.00    0.00    0.00    0.00    0.00    0.00  100.00    0.00    0.00    0.00    0.00    0.00
  L11       249,692,160     0.000     0.000     0.000  |   0.00    0.00    0.00    0.00    0.00    0.00    0.00  100.00    0.00    0.00    0.00    0.00    0.00
  AGG    2,996,305,920     0.000     0.000     0.000  |   0.00    0.00    0.00    0.00    0.00    0.00    0.00  100.00    0.00    0.00    0.00    0.00    0.00

Probe: gelu_pos_t1 (GELU pos  c1·x^1)
  Layer            Count  pct_zero     pct>1    pct>10  | magnitude bin percentages ...
  ------------------------------------------------------------
  L0        249,692,160     0.000    85.970     0.141  |   0.00    0.00    0.00    0.00    0.01    0.12    1.21   12.69   85.83    0.14    0.00    0.00    0.00
  L1        249,692,160     0.000    80.257     0.043  |   0.00    0.00    0.00    0.00    0.01    0.15    1.45   18.13   80.21    0.04    0.00    0.00    0.00
  L2        249,692,160     0.000    82.601     0.032  |   0.00    0.00    0.00    0.00    0.01    0.13    1.31   15.95   82.57    0.03    0.00    0.00    0.00
  L3        249,692,160     0.000    80.655     0.075  |   0.00    0.00    0.00    0.00    0.02    0.15    1.55   17.63   80.58    0.07    0.00    0.00    0.00
  L4        249,692,160     0.000    80.918     0.055  |   0.00    0.00    0.00    0.00    0.02    0.15    1.53   17.38   80.86    0.06    0.00    0.00    0.00
  L5        249,692,160     0.000    79.624     0.017  |   0.00    0.00    0.00    0.00    0.02    0.16    1.59   18.61   79.61    0.02    0.00    0.00    0.00
  L6        249,692,160     0.000    77.649     0.004  |   0.00    0.00    0.00    0.00    0.02    0.18    1.79   20.36   77.65    0.00    0.00    0.00    0.00
  L7        249,692,160     0.000    74.310     0.015  |   0.00    0.00    0.00    0.00    0.02    0.20    2.04   23.42   74.30    0.02    0.00    0.00    0.00
  L8        249,692,160     0.000    69.781     0.012  |   0.00    0.00    0.00    0.00    0.02    0.24    2.36   27.60   69.77    0.01    0.00    0.00    0.00
  L9        249,692,160     0.000    67.768     0.094  |   0.00    0.00    0.00    0.00    0.02    0.24    2.43   29.53   67.67    0.09    0.00    0.00    0.00
  L10       249,692,160     0.000    68.512     0.034  |   0.00    0.00    0.00    0.00    0.02    0.22    2.17   29.08   68.48    0.03    0.00    0.00    0.00
  L11       249,692,160     0.000    53.915     0.004  |   0.00    0.00    0.00    0.00    0.03    0.33    3.26   42.46   53.91    0.00    0.00    0.00    0.00
  AGG    2,996,305,920     0.000    75.163     0.044  |   0.00    0.00    0.00    0.00    0.02    0.19    1.89   22.74   75.12    0.04    0.00    0.00    0.00

Probe: gelu_pos_t2 (GELU pos  c2·x^2)
  Layer            Count  pct_zero     pct>1    pct>10  | magnitude bin percentages ...
  ------------------------------------------------------------
  L11       249,692,160     0.000     0.060     0.001  |   0.05    0.11    0.36    1.13    3.61   12.55   53.17   28.96    0.06    0.00    0.00    0.00    0.00
  AGG      249,692,160     0.000     0.060     0.001  |   0.05    0.11    0.36    1.13    3.61   12.55   53.17   28.96    0.06    0.00    0.00    0.00    0.00

Probe: gelu_pos_t3 (GELU pos  c3·x^3)
  Layer            Count  pct_zero     pct>1    pct>10  | magnitude bin percentages ...
  ------------------------------------------------------------

Probe: gelu_pos_t4 (GELU pos  c4·x^4)
  Layer            Count  pct_zero     pct>1    pct>10  | magnitude bin percentages ...
  ------------------------------------------------------------

Probe: gelu_poly_neg (GELU poly (neg branch))
  Layer            Count  pct_zero     pct>1    pct>10  | magnitude bin percentages ...
  ------------------------------------------------------------
  L0        249,692,160     0.000     0.001     0.000  |   0.00    0.00    0.01    0.07    0.67    6.65   56.65   35.96    0.00    0.00    0.00    0.00    0.00
  L1        249,692,160     0.000     0.001     0.000  |   0.00    0.00    0.01    0.06    0.63    6.28   56.58   36.44    0.00    0.00    0.00    0.00    0.00
  L2        249,692,160     0.000     0.015     0.000  |   0.00    0.00    0.01    0.07    0.66    6.64   58.95   33.66    0.02    0.00    0.00    0.00    0.00
  L3        249,692,160     0.000     0.003     0.000  |   0.00    0.00    0.01    0.07    0.66    6.55   57.14   35.57    0.00    0.00    0.00    0.00    0.00
  L4        249,692,160     0.000     0.005     0.000  |   0.00    0.00    0.01    0.07    0.69    6.92   57.72   34.58    0.00    0.00    0.00    0.00    0.00
  L5        249,692,160     0.000     0.003     0.000  |   0.00    0.00    0.01    0.06    0.61    6.08   56.20   37.04    0.00    0.00    0.00    0.00    0.00
  L6        249,692,160     0.000     0.001     0.000  |   0.00    0.00    0.01    0.06    0.57    5.73   54.84   38.79    0.00    0.00    0.00    0.00    0.00
  L7        249,692,160     0.000     0.002     0.000  |   0.00    0.00    0.00    0.05    0.47    4.70   51.30   43.47    0.00    0.00    0.00    0.00    0.00
  L8        249,692,160     0.000     0.000     0.000  |   0.00    0.00    0.00    0.03    0.34    3.41   46.33   49.88    0.00    0.00    0.00    0.00    0.00
  L9        249,692,160     0.000     0.041     0.000  |   0.00    0.00    0.00    0.03    0.29    2.92   43.49   53.22    0.04    0.00    0.00    0.00    0.00
  L10       249,692,160     0.000     0.021     0.000  |   0.00    0.00    0.00    0.02    0.25    2.52   43.28   53.90    0.02    0.00    0.00    0.00    0.00
  L11       249,692,160     0.000     0.050     0.000  |   0.00    0.00    0.00    0.01    0.13    1.29   26.32   72.20    0.05    0.00    0.00    0.00    0.00
  AGG    2,996,305,920     0.000     0.012     0.000  |   0.00    0.00    0.00    0.05    0.50    4.97   50.74   43.73    0.01    0.00    0.00    0.00    0.00

Probe: gelu_poly_pos (GELU poly (pos branch))
  Layer            Count  pct_zero     pct>1    pct>10  | magnitude bin percentages ...
  ------------------------------------------------------------
  L0        249,692,160     0.000    88.271     0.154  |   0.00    0.00    0.00    0.00    0.01    0.10    1.00   10.62   88.12    0.15    0.00    0.00    0.00
  L1        249,692,160     0.000    84.534     0.047  |   0.00    0.00    0.00    0.00    0.01    0.11    1.09   14.26   84.49    0.05    0.00    0.00    0.00
  L2        249,692,160     0.000    86.282     0.032  |   0.00    0.00    0.00    0.00    0.01    0.10    1.00   12.61   86.25    0.03    0.00    0.00    0.00
  L3        249,692,160     0.000    84.509     0.080  |   0.00    0.00    0.00    0.00    0.01    0.12    1.19   14.17   84.43    0.08    0.00    0.00    0.00
  L4        249,692,160     0.000    84.670     0.061  |   0.00    0.00    0.00    0.00    0.01    0.12    1.19   14.01   84.61    0.06    0.00    0.00    0.00
  L5        249,692,160     0.000    83.970     0.019  |   0.00    0.00    0.00    0.00    0.01    0.12    1.18   14.72   83.95    0.02    0.00    0.00    0.00
  L6        249,692,160     0.000    82.196     0.005  |   0.00    0.00    0.00    0.00    0.01    0.14    1.36   16.29   82.19    0.00    0.00    0.00    0.00
  L7        249,692,160     0.000    79.634     0.016  |   0.00    0.00    0.00    0.00    0.02    0.15    1.51   18.68   79.62    0.02    0.00    0.00    0.00
  L8        249,692,160     0.000    76.078     0.013  |   0.00    0.00    0.00    0.00    0.02    0.18    1.77   21.96   76.06    0.01    0.00    0.00    0.00
  L9        249,692,160     0.000    74.848     0.094  |   0.00    0.00    0.00    0.00    0.02    0.17    1.74   23.22   74.75    0.09    0.00    0.00    0.00
  L10       249,692,160     0.000    76.066     0.034  |   0.00    0.00    0.00    0.00    0.01    0.15    1.49   22.28   76.03    0.03    0.00    0.00    0.00
  L11       249,692,160     0.000    58.297     0.002  |   0.00    0.00    0.00    0.00    0.03    0.25    2.55   38.88   58.29    0.00    0.00    0.00    0.00
  AGG    2,996,305,920     0.000    79.946     0.046  |   0.00    0.00    0.00    0.00    0.01    0.14    1.42   18.47   79.90    0.05    0.00    0.00    0.00
