Model: yoshitomo-matsubara/bert-large-uncased-cola  Arch: bert  Layers: 24

Probe: input_ids (Input IDs)  [global]
  Layer            Count        Mean         Std         Min         Max      AccumMax
  ----------------------------------------------------------------------------------
  All      1,094,528    284.9295   1603.9483      0.0000  29593.0000             —

Probe: after_embed (After Embedding)  [global]
  Layer            Count        Mean         Std         Min         Max      AccumMax
  ----------------------------------------------------------------------------------
  All  1,120,796,672     -0.0518      0.4614     -4.5967      5.6373             —

Probe: query_proj (XW_q + b_q)
  Layer            Count        Mean         Std         Min         Max      AccumMax
  ----------------------------------------------------------------------------------
  L0      1,120,796,672     -0.0285      0.9230     -6.1889      8.6810       20.4490
  L1      1,120,796,672     -0.0191      1.1774     -7.2127      7.1184       22.7353
  L2      1,120,796,672     -0.0101      0.9118    -10.3500     10.6684       27.6443
  L3      1,120,796,672     -0.0202      0.9462     -8.7852      8.3147       33.5432
  L4      1,120,796,672     -0.0059      0.9519     -8.4341      8.0016       28.1189
  L5      1,120,796,672      0.0489      0.7656     -8.8791      8.7465       26.6288
  L6      1,120,796,672     -0.0065      0.7095     -8.6308      8.5278       23.8431
  L7      1,120,796,672      0.0135      0.6466     -8.6356      7.4697       22.4780
  L8      1,120,796,672     -0.0046      0.6364     -7.7679      8.1084       23.4966
  L9      1,120,796,672      0.0088      0.8130     -9.9854      9.6389       40.5582
  L10     1,120,796,672     -0.0259      0.9087     -8.8929      9.7750       38.3942
  L11     1,120,796,672     -0.0767      0.9814     -9.5825      9.2279       30.6900
  L12     1,120,796,672      0.0106      1.0500     -7.8633      8.8647       32.4567
  L13     1,120,796,672      0.0150      1.0660     -7.7800      8.4901       26.0923
  L14     1,120,796,672      0.0164      1.0861     -9.4059      9.0163       24.2317
  L15     1,120,796,672     -0.0043      1.0884     -7.8534      8.0004       24.6344
  L16     1,120,796,672     -0.0284      1.1048     -8.4179      8.6847       23.9673
  L17     1,120,796,672     -0.0176      1.1230     -9.6856      8.4309       29.0038
  L18     1,120,796,672      0.0086      1.1219     -8.1510      8.1740       26.9107
  L19     1,120,796,672     -0.0312      1.1203     -7.9181      7.7319       25.5906
  L20     1,120,796,672      0.0085      1.2350     -7.8466      8.6562       25.4306
  L21     1,120,796,672      0.0268      1.1962     -8.6572      8.3787       25.7224
  L22     1,120,796,672      0.0155      1.2682     -8.1952      8.4075       26.0887
  L23     1,120,796,672     -0.0734      1.3956     -9.3725     10.2853       28.2693

Probe: key_proj (XW_k + b_k)
  Layer            Count        Mean         Std         Min         Max      AccumMax
  ----------------------------------------------------------------------------------
  L0      1,120,796,672     -0.0043      0.9425     -6.6449      7.4125       20.5900
  L1      1,120,796,672      0.0424      1.2261     -9.2968      9.0163       23.7904
  L2      1,120,796,672      0.0076      0.7693     -7.2715      6.9953       27.2293
  L3      1,120,796,672     -0.0023      0.8459     -8.2308      8.2357       32.2204
  L4      1,120,796,672      0.0058      0.8231     -8.4936      8.9577       29.4145
  L5      1,120,796,672      0.0313      0.7386     -8.5578      7.4717       27.5445
  L6      1,120,796,672     -0.0027      0.5223     -6.6845      6.7195       23.5880
  L7      1,120,796,672      0.0105      0.4216     -6.8348      7.4108       22.3714
  L8      1,120,796,672      0.0052      0.5302     -7.2454      6.1507       23.7374
  L9      1,120,796,672      0.0019      0.8842     -9.7353      9.5153       40.0955
  L10     1,120,796,672     -0.0285      1.1288     -8.2656      8.0562       37.1392
  L11     1,120,796,672     -0.0099      0.9925     -7.2607      7.6706       29.0685
  L12     1,120,796,672     -0.0023      0.9981     -7.7695      8.4403       30.9313
  L13     1,120,796,672     -0.0018      1.0617     -6.5965      7.0058       26.0421
  L14     1,120,796,672      0.0176      0.9767     -7.3003      7.1137       24.1983
  L15     1,120,796,672     -0.0101      0.8740     -6.8167      6.7282       23.8666
  L16     1,120,796,672     -0.0066      1.1359     -7.8696      7.5370       23.7854
  L17     1,120,796,672      0.0028      1.2632     -9.3749      8.5268       30.1134
  L18     1,120,796,672      0.0178      1.0704     -7.3038      7.2321       26.9230
  L19     1,120,796,672     -0.0053      0.9903     -7.9529      7.0934       25.4341
  L20     1,120,796,672      0.0170      1.0595     -7.4794      7.6934       25.0217
  L21     1,120,796,672      0.0004      1.1703     -7.7676      7.9687       25.6658
  L22     1,120,796,672     -0.0099      1.2450     -8.6232      8.1542       26.3375
  L23     1,120,796,672      0.0073      1.3476     -9.0413      9.0769       28.2919

Probe: value_proj (XW_v + b_v)
  Layer            Count        Mean         Std         Min         Max      AccumMax
  ----------------------------------------------------------------------------------
  L0      1,120,796,672     -0.0062      0.3703     -6.4670      3.3590       16.2365
  L1      1,120,796,672     -0.0042      0.5752     -5.2832      5.6927       20.4953
  L2      1,120,796,672     -0.0175      0.4103     -4.7230      4.8903       19.6203
  L3      1,120,796,672      0.0061      0.3324     -4.4472      4.4788       18.8277
  L4      1,120,796,672      0.0020      0.2943     -4.5980      4.9695       19.7679
  L5      1,120,796,672      0.0053      0.2372     -4.5106      4.6464       20.4191
  L6      1,120,796,672      0.0006      0.2200     -4.6182      5.1405       19.9654
  L7      1,120,796,672      0.0013      0.2128     -4.8656      4.4583       19.5727
  L8      1,120,796,672     -0.0016      0.2201     -4.7228      5.3259       19.8131
  L9      1,120,796,672     -0.0057      0.2829     -4.4882      6.0791       17.7709
  L10     1,120,796,672     -0.0019      0.3088     -5.0953      5.3433       19.9427
  L11     1,120,796,672      0.0007      0.4436     -5.1884      4.8176       19.6133
  L12     1,120,796,672      0.0044      0.4591     -6.1705      6.3257       21.3870
  L13     1,120,796,672     -0.0078      0.4562     -4.8188      4.8865       19.5102
  L14     1,120,796,672     -0.0120      0.5664     -5.5917      5.3342       20.0726
  L15     1,120,796,672      0.0063      0.5855     -5.2402      5.3855       18.7513
  L16     1,120,796,672      0.0011      0.6009     -6.8392      8.0318       21.4566
  L17     1,120,796,672     -0.0170      0.5736     -5.5670      5.9185       19.4781
  L18     1,120,796,672     -0.0062      0.6457     -6.4245      5.6749       23.5958
  L19     1,120,796,672     -0.0019      0.6642     -5.9605      7.4609       22.3467
  L20     1,120,796,672      0.0140      0.7693     -7.2531      6.2274       23.1019
  L21     1,120,796,672      0.0253      0.8358     -6.8771      6.7840       23.5521
  L22     1,120,796,672     -0.0006      0.8115     -5.4020      6.5432       23.7329
  L23     1,120,796,672      0.0185      0.8652     -7.0093      5.6610       22.9568

Probe: qkt_raw (QKᵀ (raw))
  Layer            Count        Mean         Std         Min         Max      AccumMax
  ----------------------------------------------------------------------------------
  L0      2,241,593,344      2.8877     15.7627   -116.2064     99.7520      160.6260
  L1      2,241,593,344    -23.0767     17.9268   -184.0358    108.4591      197.7494
  L2      2,241,593,344      0.5942     11.3644   -274.0201    166.5845      283.5091
  L3      2,241,593,344     13.8172     15.4672   -247.0115    333.5157      358.3347
  L4      2,241,593,344     11.8884     15.8502   -212.6065    223.3420      288.3685
  L5      2,241,593,344     19.1407      7.5496   -195.3984    114.5632      210.3774
  L6      2,241,593,344     13.1876      7.4282   -147.9258     88.1209      161.1258
  L7      2,241,593,344      7.4508      6.7588   -105.8375     84.3132      147.4634
  L8      2,241,593,344     10.6450      6.4662   -123.1249     95.4791      166.7058
  L9      2,241,593,344     17.0606     15.7059   -337.6144    296.7125      406.3416
  L10     2,241,593,344     21.7887     19.6512   -290.9929    309.3746      370.8967
  L11     2,241,593,344     16.5968     12.5948   -131.6331    171.9329      212.3875
  L12     2,241,593,344      8.8535     14.5707   -166.7246    204.1397      238.3740
  L13     2,241,593,344     13.8869     14.0719    -89.4177    152.6573      174.6708
  L14     2,241,593,344     13.7906     12.8006    -78.9142    139.3748      162.2843
  L15     2,241,593,344      7.4582     12.2207   -100.5681    133.6984      183.3361
  L16     2,241,593,344     25.0707     15.1918    -81.7575    153.6669      181.3616
  L17     2,241,593,344     26.2048     18.0519   -241.1470    207.4840      270.4789
  L18     2,241,593,344      8.0063     15.8242   -123.3826    140.4968      193.7382
  L19     2,241,593,344      1.0592     13.2644   -106.7036    126.6699      171.9330
  L20     2,241,593,344      0.2435     20.9492   -135.0024    158.3730      198.7616
  L21     2,241,593,344    -12.3938     28.9214   -255.2704    101.3433      262.0844
  L22     2,241,593,344    -18.7960     23.5593   -128.0767     90.7400      202.0409
  L23     2,241,593,344    -25.6804     23.6251   -156.2737     75.6262      262.9068

Probe: attn_scores (QKᵀ/√dₖ + mask)
  Layer            Count        Mean         Std         Min         Max      AccumMax
  ----------------------------------------------------------------------------------
  L0      2,241,593,344-310169450656826017806995432616100888576.000096644194881692681633788340816712826880.0000-340282346638528859811704183484516925440.0000     12.4690             —
  L1      2,241,593,344-310169450656826017806995432616100888576.000096644194881692681633788340816712826880.0000-340282346638528859811704183484516925440.0000     13.5574             —
  L2      2,241,593,344-310169450656826017806995432616100888576.000096644194881692681633788340816712826880.0000-340282346638528859811704183484516925440.0000     19.5003             —
  L3      2,241,593,344-310169450656826017806995432616100888576.000096644194881692681633788340816712826880.0000-340282346638528859811704183484516925440.0000     34.1847             —
  L4      2,241,593,344-310169450656826017806995432616100888576.000096644194881692681633788340816712826880.0000-340282346638528859811704183484516925440.0000     14.2187             —
  L5      2,241,593,344-310169450656826017806995432616100888576.000096644194881692681633788340816712826880.0000-340282346638528859811704183484516925440.0000     14.3204             —
  L6      2,241,593,344-310169450656826017806995432616100888576.000096644194881692681633788340816712826880.0000-340282346638528859811704183484516925440.0000     11.0151             —
  L7      2,241,593,344-310169450656826017806995432616100888576.000096644194881692681633788340816712826880.0000-340282346638528859811704183484516925440.0000     10.5391             —
  L8      2,241,593,344-310169450656826017806995432616100888576.000096644194881692681633788340816712826880.0000-340282346638528859811704183484516925440.0000     11.9349             —
  L9      2,241,593,344-310169450656826017806995432616100888576.000096644194881692681633788340816712826880.0000-340282346638528859811704183484516925440.0000     37.0891             —
  L10     2,241,593,344-310169450656826017806995432616100888576.000096644194881692681633788340816712826880.0000-340282346638528859811704183484516925440.0000     38.6718             —
  L11     2,241,593,344-310169450656826017806995432616100888576.000096644194881692681633788340816712826880.0000-340282346638528859811704183484516925440.0000     21.4916             —
  L12     2,241,593,344-310169450656826017806995432616100888576.000096644194881692681633788340816712826880.0000-340282346638528859811704183484516925440.0000     25.5175             —
  L13     2,241,593,344-310169450656826017806995432616100888576.000096644194881692681633788340816712826880.0000-340282346638528859811704183484516925440.0000     19.0822             —
  L14     2,241,593,344-310169450656826017806995432616100888576.000096644194881692681633788340816712826880.0000-340282346638528859811704183484516925440.0000     16.6106             —
  L15     2,241,593,344-310169450656826017806995432616100888576.000096644194881692681633788340816712826880.0000-340282346638528859811704183484516925440.0000     16.7123             —
  L16     2,241,593,344-310169450656826017806995432616100888576.000096644194881692681633788340816712826880.0000-340282346638528859811704183484516925440.0000     17.6853             —
  L17     2,241,593,344-310169450656826017806995432616100888576.000096644194881692681633788340816712826880.0000-340282346638528859811704183484516925440.0000     23.5352             —
  L18     2,241,593,344-310169450656826017806995432616100888576.000096644194881692681633788340816712826880.0000-340282346638528859811704183484516925440.0000     17.5621             —
  L19     2,241,593,344-310169450656826017806995432616100888576.000096644194881692681633788340816712826880.0000-340282346638528859811704183484516925440.0000     15.8337             —
  L20     2,241,593,344-310169450656826017806995432616100888576.000096644194881692681633788340816712826880.0000-340282346638528859811704183484516925440.0000     18.2914             —
  L21     2,241,593,344-310169450656826017806995432616100888576.000096644194881692681633788340816712826880.0000-340282346638528859811704183484516925440.0000     12.6679             —
  L22     2,241,593,344-310169450656826017806995432616100888576.000096644194881692681633788340816712826880.0000-340282346638528859811704183484516925440.0000      9.7746             —
  L23     2,241,593,344-310169450656826017806995432616100888576.000096644194881692681633788340816712826880.0000-340282346638528859811704183484516925440.0000      9.4533             —

Probe: attn_probs (Softmax(scores))
  Layer            Count        Mean         Std         Min         Max      AccumMax
  ----------------------------------------------------------------------------------
  L0      2,241,593,344      0.0078      0.0543      0.0000      1.0000             —
  L1      2,241,593,344      0.0078      0.0648      0.0000      1.0000             —
  L2      2,241,593,344      0.0078      0.0492      0.0000      0.9999             —
  L3      2,241,593,344      0.0078      0.0514      0.0000      1.0000             —
  L4      2,241,593,344      0.0078      0.0513      0.0000      0.9999             —
  L5      2,241,593,344      0.0078      0.0442      0.0000      0.9997             —
  L6      2,241,593,344      0.0078      0.0508      0.0000      0.9945             —
  L7      2,241,593,344      0.0078      0.0484      0.0000      0.9984             —
  L8      2,241,593,344      0.0078      0.0514      0.0000      0.9987             —
  L9      2,241,593,344      0.0078      0.0518      0.0000      1.0000             —
  L10     2,241,593,344      0.0078      0.0570      0.0000      1.0000             —
  L11     2,241,593,344      0.0078      0.0647      0.0000      1.0000             —
  L12     2,241,593,344      0.0078      0.0634      0.0000      1.0000             —
  L13     2,241,593,344      0.0078      0.0616      0.0000      1.0000             —
  L14     2,241,593,344      0.0078      0.0659      0.0000      0.9999             —
  L15     2,241,593,344      0.0078      0.0684      0.0000      1.0000             —
  L16     2,241,593,344      0.0078      0.0651      0.0000      0.9999             —
  L17     2,241,593,344      0.0078      0.0610      0.0000      1.0000             —
  L18     2,241,593,344      0.0078      0.0510      0.0000      1.0000             —
  L19     2,241,593,344      0.0078      0.0463      0.0000      0.9999             —
  L20     2,241,593,344      0.0078      0.0508      0.0000      1.0000             —
  L21     2,241,593,344      0.0078      0.0438      0.0000      1.0000             —
  L22     2,241,593,344      0.0078      0.0485      0.0000      1.0000             —
  L23     2,241,593,344      0.0078      0.0503      0.0000      1.0000             —

Probe: attn_context (Softmax × V)
  Layer            Count        Mean         Std         Min         Max      AccumMax
  ----------------------------------------------------------------------------------
  L0      1,120,796,672     -0.0027      0.1636     -5.9026      3.1940        5.9118
  L1      1,120,796,672     -0.0020      0.1790     -4.6504      4.3920        4.6663
  L2      1,120,796,672      0.0029      0.1273     -4.2481      4.6417        4.6420
  L3      1,120,796,672      0.0009      0.1177     -3.4578      3.6277        3.6277
  L4      1,120,796,672      0.0002      0.1009     -3.5223      3.3792        3.5391
  L5      1,120,796,672      0.0020      0.0923     -3.8736      4.5349        4.5482
  L6      1,120,796,672     -0.0012      0.0906     -4.2924      3.3643        4.2931
  L7      1,120,796,672      0.0028      0.1057     -3.4329      3.7612        3.7654
  L8      1,120,796,672     -0.0023      0.1108     -3.7934      3.7396        3.7966
  L9      1,120,796,672     -0.0009      0.1800     -3.8800      4.0762        4.0766
  L10     1,120,796,672     -0.0019      0.1930     -4.5917      3.4259        4.5967
  L11     1,120,796,672      0.0015      0.1818     -4.0100      4.4626        4.4627
  L12     1,120,796,672     -0.0022      0.1977     -4.0609      5.1657        5.1657
  L13     1,120,796,672     -0.0002      0.2391     -4.0374      4.0342        4.0401
  L14     1,120,796,672     -0.0016      0.2070     -4.7683      4.5667        4.7743
  L15     1,120,796,672      0.0028      0.1955     -4.4313      4.8101        4.8139
  L16     1,120,796,672      0.0021      0.2421     -5.3758      6.9521        6.9579
  L17     1,120,796,672     -0.0005      0.2375     -4.3188      4.7813        4.8477
  L18     1,120,796,672      0.0032      0.2774     -4.6172      4.8804        4.8853
  L19     1,120,796,672      0.0021      0.2928     -4.0621      5.7600        5.7614
  L20     1,120,796,672      0.0046      0.4084     -6.3671      5.3093        6.3691
  L21     1,120,796,672      0.0138      0.4593     -3.6361      5.0499        5.0499
  L22     1,120,796,672     -0.0010      0.3984     -3.7442      3.8183        3.8183
  L23     1,120,796,672      0.0066      0.4209     -3.5871      3.5643        3.5871

Probe: attn_output (Attn × Wₒ)
  Layer            Count        Mean         Std         Min         Max      AccumMax
  ----------------------------------------------------------------------------------
  L0      1,120,796,672     -0.0012      0.2040     -4.2542     24.9529       31.2330
  L1      1,120,796,672     -0.0001      0.2021     -3.0890     10.8499       17.8341
  L2      1,120,796,672     -0.0020      0.1238     -2.2906      2.5080        9.8736
  L3      1,120,796,672     -0.0017      0.1032     -2.4189      2.2511        8.2951
  L4      1,120,796,672      0.0006      0.0906     -1.8086      2.0658        7.0115
  L5      1,120,796,672     -0.0015      0.0850     -2.1787      2.1945        7.6999
  L6      1,120,796,672     -0.0008      0.0845     -1.6969      3.0255        9.8841
  L7      1,120,796,672      0.0001      0.1006     -2.6722      2.3195       10.2466
  L8      1,120,796,672     -0.0010      0.0993     -2.9083      1.6606       10.3535
  L9      1,120,796,672     -0.0005      0.1503     -2.5006      1.8780       10.5129
  L10     1,120,796,672     -0.0018      0.1694     -1.9434      2.2659       11.2423
  L11     1,120,796,672     -0.0006      0.1795     -3.0991      3.0170       14.7048
  L12     1,120,796,672     -0.0000      0.1935     -2.8832      3.1698       18.2237
  L13     1,120,796,672      0.0007      0.2411     -2.9777      3.2822       17.2479
  L14     1,120,796,672      0.0002      0.2001     -4.9431      2.5344       16.7247
  L15     1,120,796,672      0.0001      0.1868     -5.5198      2.7279       13.6574
  L16     1,120,796,672      0.0010      0.2639     -4.2899      3.1274       13.7343
  L17     1,120,796,672      0.0005      0.2336     -2.2493      2.1865       11.8547
  L18     1,120,796,672      0.0006      0.2878     -3.4801      3.2461       17.4672
  L19     1,120,796,672      0.0013      0.3044     -2.7612      2.5096       13.5532
  L20     1,120,796,672      0.0009      0.4831     -4.3943      7.9884       20.7123
  L21     1,120,796,672      0.0001      0.5043     -3.9392      3.1587       24.9161
  L22     1,120,796,672      0.0007      0.4534     -6.0594      4.6348       25.0171
  L23     1,120,796,672      0.0007      0.5106     -6.8196      6.6045       27.3095

Probe: post_attn_ln (Post-Attn sub-block)
  Layer            Count        Mean         Std         Min         Max      AccumMax
  ----------------------------------------------------------------------------------
  L0      1,120,796,672     -0.0065      1.1859    -11.9244    112.1716             —
  L1      1,120,796,672      0.0227      1.5931     -7.7587     93.0084             —
  L2      1,120,796,672      0.0361      2.0420     -7.2543     90.4997             —
  L3      1,120,796,672      0.0407      2.0631     -6.2959     80.8456             —
  L4      1,120,796,672      0.0460      1.9811     -6.7465     80.6323             —
  L5      1,120,796,672      0.0599      2.1357    -10.4038     70.1730             —
  L6      1,120,796,672      0.0501      2.5100    -29.2483     89.8338             —
  L7      1,120,796,672     -0.0236      2.1521    -69.7443     33.8871             —
  L8      1,120,796,672     -0.0495      2.2712    -76.5569     23.6179             —
  L9      1,120,796,672     -0.0464      2.1303    -71.6429     39.6079             —
  L10     1,120,796,672     -0.0341      1.7197    -57.0884     65.9355             —
  L11     1,120,796,672     -0.0288      1.5623    -51.2159     82.7970             —
  L12     1,120,796,672     -0.0279      1.4581    -47.1887     80.7973             —
  L13     1,120,796,672     -0.0239      1.3020    -41.5098     83.7056             —
  L14     1,120,796,672     -0.0214      1.1764    -33.6653     77.2308             —
  L15     1,120,796,672     -0.0219      1.2514    -53.2117     49.1722             —
  L16     1,120,796,672     -0.0309      1.3156    -64.2555     19.4228             —
  L17     1,120,796,672     -0.0259      1.1745    -56.5699     11.0390             —
  L18     1,120,796,672     -0.0224      1.1229    -53.8836     15.9598             —
  L19     1,120,796,672     -0.0133      1.1305    -94.2133     18.0144             —
  L20     1,120,796,672      0.0048      1.0551    -80.9420     37.5780             —
  L21     1,120,796,672      0.0104      0.9552    -52.9713     41.6925             —
  L22     1,120,796,672      0.0117      0.9080    -23.5530     41.5158             —
  L23     1,120,796,672      0.0158      0.9450    -14.1073     48.0255             —

Probe: gelu_input (FFN1 (GELU in))
  Layer            Count        Mean         Std         Min         Max      AccumMax
  ----------------------------------------------------------------------------------
  L0      4,483,186,688     -3.3117      2.1284    -23.4149     31.1792       72.6609
  L1      4,483,186,688     -3.1986      1.6373    -14.3066     12.5391       34.9753
  L2      4,483,186,688     -2.8577      1.3379    -15.4233      9.2313       40.5301
  L3      4,483,186,688     -2.6515      1.1336    -12.1349      9.9681       34.8281
  L4      4,483,186,688     -2.5178      1.1419    -12.1248     17.3887       48.1996
  L5      4,483,186,688     -2.6949      1.1762    -11.2258     12.1094       40.4245
  L6      4,483,186,688     -3.0166      1.1783    -13.3643      9.6278       39.6190
  L7      4,483,186,688     -2.7996      1.0309    -13.9128     17.6931       54.2984
  L8      4,483,186,688     -2.3641      0.9966    -12.3768     12.3460       44.5537
  L9      4,483,186,688     -2.2899      1.0412    -14.1308     11.1863       53.1518
  L10     4,483,186,688     -1.8810      1.0105    -31.0515     13.0086       66.0263
  L11     4,483,186,688     -1.7904      1.0528    -35.2168     16.6271       58.8964
  L12     4,483,186,688     -1.9425      1.0635    -38.9928     10.5607       41.3421
  L13     4,483,186,688     -1.9231      1.0780    -17.7804     10.4651       62.7135
  L14     4,483,186,688     -2.0894      1.1092    -15.4757     11.4302       42.2249
  L15     4,483,186,688     -2.0394      1.1675    -12.8827     11.3293       38.2421
  L16     4,483,186,688     -1.9043      1.1185    -13.8408     15.1800       35.3172
  L17     4,483,186,688     -1.6133      1.0639    -31.4541     89.5562      101.9911
  L18     4,483,186,688     -1.5104      1.0801    -47.1824     67.5323      126.6218
  L19     4,483,186,688     -1.5465      1.0413    -26.4840     25.8432       57.2631
  L20     4,483,186,688     -1.3361      0.9779    -40.2223     62.0457       87.1629
  L21     4,483,186,688     -1.3631      0.9982    -86.0281    175.0926      210.6557
  L22     4,483,186,688     -1.2952      1.0194    -70.4426     87.2969      164.0318
  L23     4,483,186,688     -1.6032      0.9549    -24.3041     16.6573       40.7425

Probe: gelu_output (GELU output)
  Layer            Count        Mean         Std         Min         Max      AccumMax
  ----------------------------------------------------------------------------------
  L0      4,483,186,688      0.0259      0.3445     -0.1700     31.1792             —
  L1      4,483,186,688     -0.0098      0.2451     -0.1700     12.5391             —
  L2      4,483,186,688     -0.0162      0.1407     -0.1700      9.2313             —
  L3      4,483,186,688     -0.0180      0.1588     -0.1700      9.9681             —
  L4      4,483,186,688     -0.0267      0.1774     -0.1700     17.3887             —
  L5      4,483,186,688     -0.0187      0.1572     -0.1700     12.1094             —
  L6      4,483,186,688     -0.0126      0.1496     -0.1700      9.6278             —
  L7      4,483,186,688     -0.0157      0.1162     -0.1700     17.6931             —
  L8      4,483,186,688     -0.0186      0.1325     -0.1700     12.3460             —
  L9      4,483,186,688     -0.0341      0.0970     -0.1700     11.1863             —
  L10     4,483,186,688     -0.0496      0.1261     -0.1700     13.0086             —
  L11     4,483,186,688     -0.0488      0.1450     -0.1700     16.6271             —
  L12     4,483,186,688     -0.0455      0.1337     -0.1700     10.5607             —
  L13     4,483,186,688     -0.0467      0.1398     -0.1700     10.4651             —
  L14     4,483,186,688     -0.0415      0.1294     -0.1700     11.4302             —
  L15     4,483,186,688     -0.0350      0.1634     -0.1700     11.3293             —
  L16     4,483,186,688     -0.0405      0.1742     -0.1700     15.1800             —
  L17     4,483,186,688     -0.0476      0.2190     -0.1700     89.5562             —
  L18     4,483,186,688     -0.0475      0.2549     -0.1700     67.5323             —
  L19     4,483,186,688     -0.0564      0.1801     -0.1700     25.8432             —
  L20     4,483,186,688     -0.0628      0.1805     -0.1700     62.0457             —
  L21     4,483,186,688     -0.0654      0.1741     -0.1700    175.0926             —
  L22     4,483,186,688     -0.0563      0.2060     -0.1700     87.2969             —
  L23     4,483,186,688     -0.0653      0.1628     -0.1700     16.6573             —

Probe: ffn2_output (FFN2 output)
  Layer            Count        Mean         Std         Min         Max      AccumMax
  ----------------------------------------------------------------------------------
  L0      1,120,796,672     -0.0537      1.5977    -32.7034    145.7457      169.3790
  L1      1,120,796,672      0.0041      0.9115     -5.8664     45.4274       61.8620
  L2      1,120,796,672      0.0022      0.3986     -4.3032     16.2344       33.6432
  L3      1,120,796,672     -0.0083      0.4348     -4.0191     10.4581       27.9583
  L4      1,120,796,672      0.0526      1.4120     -5.5174     77.5497       85.2167
  L5      1,120,796,672      0.0670      1.7170     -6.7332     91.8817      103.0897
  L6      1,120,796,672      0.0443      1.6330    -22.4470     95.0294      108.0265
  L7      1,120,796,672      0.0232      1.1698    -28.0307     58.1130       71.2647
  L8      1,120,796,672      0.0045      0.3367    -18.7673     35.2936       45.6239
  L9      1,120,796,672      0.0039      0.2614     -8.7312     36.1123       38.2291
  L10     1,120,796,672      0.0010      0.3956     -9.2815     92.9212       94.6203
  L11     1,120,796,672      0.0020      0.4233    -25.7791     98.6469      100.3447
  L12     1,120,796,672      0.0007      0.4161    -13.1466     99.7204      101.4437
  L13     1,120,796,672     -0.0004      0.3782    -16.0003     76.5198       78.8829
  L14     1,120,796,672      0.0029      0.3316    -28.8413     42.7339       50.9220
  L15     1,120,796,672      0.0018      0.3893    -64.2696     33.5682      100.3642
  L16     1,120,796,672      0.0020      0.3990    -43.6256     22.9971       69.7909
  L17     1,120,796,672     -0.0149      2.1365  -1185.5062    353.4041     1199.1823
  L18     1,120,796,672     -0.0163      3.1884   -755.4142    164.1645      766.1237
  L19     1,120,796,672     -0.0009      1.4061   -233.8848     90.1988      238.1323
  L20     1,120,796,672      0.0081      0.7307   -596.5292    547.4265      634.0832
  L21     1,120,796,672      0.0082      1.7296   -927.5785   1216.6060     1247.7649
  L22     1,120,796,672      0.0049      3.2873  -1142.2454   1186.7812     1320.7979
  L23     1,120,796,672      0.0005      0.4215    -13.5888     22.7686       41.2577

Probe: post_ffn_ln (Post-FFN sub-block)
  Layer            Count        Mean         Std         Min         Max      AccumMax
  ----------------------------------------------------------------------------------
  L0      1,120,796,672      0.0320      0.6605     -4.8394     12.4272             —
  L1      1,120,796,672      0.0173      0.5844     -5.1658     13.1953             —
  L2      1,120,796,672      0.0143      0.5305     -4.8051     13.6364             —
  L3      1,120,796,672      0.0101      0.4759     -4.4718     10.6001             —
  L4      1,120,796,672      0.0057      0.3564     -4.8177      8.3420             —
  L5      1,120,796,672      0.0033      0.3109     -5.7944      6.8300             —
  L6      1,120,796,672     -0.0050      0.3173    -15.0047      5.3994             —
  L7      1,120,796,672     -0.0116      0.4024    -12.8385      5.5993             —
  L8      1,120,796,672     -0.0123      0.5569    -16.1012      9.6476             —
  L9      1,120,796,672     -0.0087      0.5566    -15.8664     13.6680             —
  L10     1,120,796,672      0.0060      0.6664    -18.7029     13.3771             —
  L11     1,120,796,672      0.0070      0.6771    -18.3318     12.1008             —
  L12     1,120,796,672      0.0030      0.6661    -17.1086     13.6205             —
  L13     1,120,796,672      0.0080      0.6374    -13.7087     12.5715             —
  L14     1,120,796,672      0.0046      0.6262    -14.2812     10.2613             —
  L15     1,120,796,672     -0.0115      0.6918    -14.7192      6.5683             —
  L16     1,120,796,672     -0.0143      0.6791    -13.0138      6.2908             —
  L17     1,120,796,672     -0.0167      0.6871    -11.6192      5.8103             —
  L18     1,120,796,672     -0.0082      0.7067     -9.7922      7.2496             —
  L19     1,120,796,672      0.0022      0.7560     -8.2462     16.1640             —
  L20     1,120,796,672     -0.0028      0.7780     -5.0555     16.0860             —
  L21     1,120,796,672     -0.0010      0.8119     -6.9678     18.3800             —
  L22     1,120,796,672      0.0031      0.8416     -6.4585     24.7667             —
  L23     1,120,796,672      0.0032      0.6632     -4.2054      6.9112             —

Probe: ln1_input (LN₁ input (pre-norm))
  Layer            Count        Mean         Std         Min         Max      AccumMax
  ----------------------------------------------------------------------------------

Probe: ln1_output (LN₁ output (pre-norm))
  Layer            Count        Mean         Std         Min         Max      AccumMax
  ----------------------------------------------------------------------------------

Probe: ln2_input (LN₂ input (pre-norm))
  Layer            Count        Mean         Std         Min         Max      AccumMax
  ----------------------------------------------------------------------------------

Probe: ln2_output (LN₂ output (pre-norm))
  Layer            Count        Mean         Std         Min         Max      AccumMax
  ----------------------------------------------------------------------------------
