Model: assemblyai/bert-large-uncased-sst2  Arch: bert  Layers: 24

Probe: input_ids (Input IDs)  [global]
  Layer            Count        Mean         Std         Min         Max      AccumMax
  ----------------------------------------------------------------------------------
  All      8,620,672    453.9312   2306.2344      0.0000  29667.0000             —

Probe: after_embed (After Embedding)  [global]
  Layer            Count        Mean         Std         Min         Max      AccumMax
  ----------------------------------------------------------------------------------
  All  8,827,568,128     -0.0508      0.4632     -4.7081      5.7319             —

Probe: query_proj (XW_q + b_q)
  Layer            Count        Mean         Std         Min         Max      AccumMax
  ----------------------------------------------------------------------------------
  L0      8,827,568,128     -0.0271      0.9217     -6.8740      8.8124       20.5670
  L1      8,827,568,128     -0.0121      1.1795     -7.5503      7.8295       22.7897
  L2      8,827,568,128     -0.0098      0.9218     -9.8516     11.1910       27.9723
  L3      8,827,568,128     -0.0127      0.9547     -9.2055      9.7257       34.0164
  L4      8,827,568,128     -0.0007      0.8699    -10.1993      8.3759       28.9092
  L5      8,827,568,128      0.0432      0.7811     -9.6979      8.1010       26.3814
  L6      8,827,568,128     -0.0068      0.7041     -8.8759      8.1561       24.6416
  L7      8,827,568,128      0.0087      0.6780     -7.8895      8.4091       23.5240
  L8      8,827,568,128      0.0019      0.8018     -7.8847      8.6978       24.1712
  L9      8,827,568,128      0.0424      1.0506    -10.7825     11.0968       41.5711
  L10     8,827,568,128     -0.0331      1.1955    -10.2444     10.9179       39.4275
  L11     8,827,568,128     -0.0598      1.3714     -9.3062      9.5832       30.7013
  L12     8,827,568,128      0.0620      1.3526     -9.2311      8.8024       32.3554
  L13     8,827,568,128      0.0079      1.1423     -8.2000      7.8382       26.4639
  L14     8,827,568,128      0.0025      1.1324     -8.9177      9.0071       24.7494
  L15     8,827,568,128     -0.0193      0.9800     -9.0765      7.8632       25.0308
  L16     8,827,568,128     -0.0090      1.0858     -7.3786      7.2288       23.5355
  L17     8,827,568,128      0.0041      1.2126     -8.2280      8.0477       27.7494
  L18     8,827,568,128      0.0043      1.0783    -11.7048      8.6663       25.7326
  L19     8,827,568,128     -0.0119      1.1264     -7.7159      9.0499       24.8185
  L20     8,827,568,128      0.0326      1.2161     -9.5544     10.5701       24.9637
  L21     8,827,568,128      0.0047      1.0816     -8.2696      9.5870       25.2256
  L22     8,827,568,128     -0.0076      1.0314     -9.7322      9.5199       26.2277
  L23     8,827,568,128     -0.0497      1.1094    -10.8479     11.5956       28.3191

Probe: key_proj (XW_k + b_k)
  Layer            Count        Mean         Std         Min         Max      AccumMax
  ----------------------------------------------------------------------------------
  L0      8,827,568,128     -0.0079      0.9468     -7.3113      7.9619       20.8900
  L1      8,827,568,128      0.0436      1.2917     -9.5114      9.8224       24.2901
  L2      8,827,568,128      0.0079      0.7759     -8.0923      8.1214       28.1065
  L3      8,827,568,128     -0.0026      0.8327     -9.1756      9.0743       32.2535
  L4      8,827,568,128      0.0070      0.7758     -8.3230      8.0147       29.0370
  L5      8,827,568,128      0.0256      0.7197     -8.5902      7.0260       28.1411
  L6      8,827,568,128     -0.0070      0.5458     -7.5472      7.4329       24.5492
  L7      8,827,568,128      0.0105      0.4668     -7.6540      8.6570       23.4100
  L8      8,827,568,128     -0.0043      0.5780     -8.0174      7.7770       24.4743
  L9      8,827,568,128     -0.0140      1.0080    -10.4188     10.3577       40.7247
  L10     8,827,568,128     -0.0099      1.2383     -9.5813     10.2174       38.4546
  L11     8,827,568,128      0.0605      1.2387     -7.5519      8.7442       29.3195
  L12     8,827,568,128     -0.0088      1.2819     -8.0299      8.8495       31.0984
  L13     8,827,568,128     -0.0171      1.1433     -8.4426      9.5003       25.7146
  L14     8,827,568,128     -0.0067      1.0105     -7.8383      7.6505       24.2612
  L15     8,827,568,128     -0.0124      0.9612     -7.3686      7.5506       24.2783
  L16     8,827,568,128      0.0392      1.0892     -7.7131      7.0176       23.2603
  L17     8,827,568,128      0.0009      1.1731     -7.9805      8.3489       28.2847
  L18     8,827,568,128     -0.0299      0.9284     -7.9740      7.5086       26.4561
  L19     8,827,568,128     -0.0201      0.8975     -6.7440      7.6648       24.5334
  L20     8,827,568,128      0.0233      0.9327     -7.5734      9.3640       24.5740
  L21     8,827,568,128     -0.0425      1.0249    -10.1341      9.0634       25.8467
  L22     8,827,568,128     -0.0007      0.8677    -10.2889      9.6522       26.0781
  L23     8,827,568,128      0.0325      0.9464    -10.9295     10.5105       28.4476

Probe: value_proj (XW_v + b_v)
  Layer            Count        Mean         Std         Min         Max      AccumMax
  ----------------------------------------------------------------------------------
  L0      8,827,568,128     -0.0028      0.3747     -6.7183      3.8740       16.7976
  L1      8,827,568,128      0.0011      0.5708     -5.5821      6.3264       21.2946
  L2      8,827,568,128     -0.0168      0.4207     -5.1336      5.2683       20.2489
  L3      8,827,568,128      0.0005      0.3280     -4.7736      4.8286       19.5694
  L4      8,827,568,128      0.0017      0.2885     -4.4251      4.7466       20.5014
  L5      8,827,568,128      0.0032      0.2496     -4.9228      5.3090       21.4085
  L6      8,827,568,128     -0.0006      0.2578     -4.7934      6.4427       20.6492
  L7      8,827,568,128      0.0028      0.2680     -5.2348      5.0740       20.2982
  L8      8,827,568,128      0.0043      0.2936     -4.5595      5.9666       20.2768
  L9      8,827,568,128     -0.0087      0.3465     -4.8944      4.6440       18.1604
  L10     8,827,568,128      0.0087      0.4092     -5.0549      4.9490       19.6053
  L11     8,827,568,128     -0.0083      0.7347     -4.9233      4.9626       19.6473
  L12     8,827,568,128     -0.0028      0.9745     -6.2005      6.3206       21.1708
  L13     8,827,568,128     -0.0249      0.5753     -5.3178      5.0053       19.5717
  L14     8,827,568,128      0.0010      0.6145     -5.9628      5.3089       20.3374
  L15     8,827,568,128     -0.0047      0.6319     -5.5239      5.5305       19.0049
  L16     8,827,568,128      0.0085      0.5581     -6.4044      6.7523       21.0320
  L17     8,827,568,128     -0.0000      0.5821     -5.0120      4.4707       18.4516
  L18     8,827,568,128     -0.0081      0.5682     -6.2768      6.2539       22.8301
  L19     8,827,568,128      0.0068      0.5493     -6.1177      6.4664       21.5100
  L20     8,827,568,128     -0.0153      0.6150     -7.0211      7.1630       22.6476
  L21     8,827,568,128      0.0103      0.6792     -7.9200      5.8104       22.9362
  L22     8,827,568,128      0.0184      0.6031     -5.9503      5.8257       23.4067
  L23     8,827,568,128      0.0088      0.6457     -5.4797      5.9293       23.1899

Probe: qkt_raw (QKᵀ (raw))
  Layer            Count        Mean         Std         Min         Max      AccumMax
  ----------------------------------------------------------------------------------
  L0     17,655,136,256      3.4605     15.7578   -115.8048    104.5377      162.2324
  L1     17,655,136,256    -27.1513     19.0248   -187.0676    122.0881      206.5088
  L2     17,655,136,256     -0.2150     10.8641   -250.0921    192.1343      267.0312
  L3     17,655,136,256     13.3795     15.7015   -292.5576    336.2884      386.6344
  L4     17,655,136,256     11.4238     13.1453   -170.5865    219.5346      279.9823
  L5     17,655,136,256     17.9068      9.5778   -109.1949    141.7040      165.7903
  L6     17,655,136,256     10.5241      8.8858   -145.0503    106.6180      168.0834
  L7     17,655,136,256      3.0547      8.9632   -127.7575    107.2597      176.9665
  L8     17,655,136,256      4.5904      9.3598   -169.0026    123.7393      229.7905
  L9     17,655,136,256     18.8633     21.3437   -452.3229    352.3357      575.4759
  L10    17,655,136,256     10.0786     25.5284   -333.6522    300.4662      412.0940
  L11    17,655,136,256    -26.2130     35.1362   -189.7289    189.1156      261.8557
  L12    17,655,136,256    -16.4946     23.0575   -153.5264    200.9344      238.2852
  L13    17,655,136,256    -33.0293     22.1346   -135.7852    143.7983      178.3605
  L14    17,655,136,256    -19.5223     17.3070   -122.2679    137.6606      169.5865
  L15    17,655,136,256     -9.4607     12.0050   -121.3862    138.8434      201.7195
  L16    17,655,136,256     12.1381     12.9507    -82.9331    134.9318      160.7631
  L17    17,655,136,256     24.1955     24.0273   -162.4392    237.9560      270.1746
  L18    17,655,136,256      5.9150     16.0897   -131.8599    125.4335      196.3124
  L19    17,655,136,256      0.7241     15.1437   -139.9872    121.3020      179.3901
  L20    17,655,136,256      4.3085     20.9034   -121.3863    268.6147      293.4438
  L21    17,655,136,256    -13.0879     26.5988   -240.4694    165.8986      246.8359
  L22    17,655,136,256     -8.5240     19.1272   -146.7716    126.9437      208.3037
  L23    17,655,136,256    -23.1323     27.4281   -245.6615     90.0142      313.1751

Probe: attn_scores (QKᵀ/√dₖ + mask)
  Layer            Count        Mean         Std         Min         Max      AccumMax
  ----------------------------------------------------------------------------------
  L0     17,655,136,256-304873675951802910014137431645615030272.0000103899815172254396112126283656502181888.0000-340282346638528859811704183484516925440.0000     13.0672             —
  L1     17,655,136,256-304873675951802910014137431645615030272.0000103899815172254396112126283656502181888.0000-340282346638528859811704183484516925440.0000     15.2610             —
  L2     17,655,136,256-304873675951802910014137431645615030272.0000103899815172254396112126283656502181888.0000-340282346638528859811704183484516925440.0000     20.3066             —
  L3     17,655,136,256-304873675951802910014137431645615030272.0000103899815172254396112126283656502181888.0000-340282346638528859811704183484516925440.0000     35.4975             —
  L4     17,655,136,256-304873675951802910014137431645615030272.0000103899815172254396112126283656502181888.0000-340282346638528859811704183484516925440.0000     14.4710             —
  L5     17,655,136,256-304873675951802910014137431645615030272.0000103899815172254396112126283656502181888.0000-340282346638528859811704183484516925440.0000     15.5131             —
  L6     17,655,136,256-304873675951802910014137431645615030272.0000103899815172254396112126283656502181888.0000-340282346638528859811704183484516925440.0000     13.3273             —
  L7     17,655,136,256-304873675951802910014137431645615030272.0000103899815172254396112126283656502181888.0000-340282346638528859811704183484516925440.0000     13.4075             —
  L8     17,655,136,256-304873675951802910014137431645615030272.0000103899815172254396112126283656502181888.0000-340282346638528859811704183484516925440.0000     13.3817             —
  L9     17,655,136,256-304873675951802910014137431645615030272.0000103899815172254396112126283656502181888.0000-340282346638528859811704183484516925440.0000     38.5471             —
  L10    17,655,136,256-304873675951802910014137431645615030272.0000103899815172254396112126283656502181888.0000-340282346638528859811704183484516925440.0000     37.5583             —
  L11    17,655,136,256-304873675951802910014137431645615030272.0000103899815172254396112126283656502181888.0000-340282346638528859811704183484516925440.0000     23.6394             —
  L12    17,655,136,256-304873675951802910014137431645615030272.0000103899815172254396112126283656502181888.0000-340282346638528859811704183484516925440.0000     25.1168             —
  L13    17,655,136,256-304873675951802910014137431645615030272.0000103899815172254396112126283656502181888.0000-340282346638528859811704183484516925440.0000     17.9748             —
  L14    17,655,136,256-304873675951802910014137431645615030272.0000103899815172254396112126283656502181888.0000-340282346638528859811704183484516925440.0000     17.2076             —
  L15    17,655,136,256-304873675951802910014137431645615030272.0000103899815172254396112126283656502181888.0000-340282346638528859811704183484516925440.0000     17.3554             —
  L16    17,655,136,256-304873675951802910014137431645615030272.0000103899815172254396112126283656502181888.0000-340282346638528859811704183484516925440.0000     16.8665             —
  L17    17,655,136,256-304873675951802910014137431645615030272.0000103899815172254396112126283656502181888.0000-340282346638528859811704183484516925440.0000     26.6343             —
  L18    17,655,136,256-304873675951802910014137431645615030272.0000103899815172254396112126283656502181888.0000-340282346638528859811704183484516925440.0000     15.6792             —
  L19    17,655,136,256-304873675951802910014137431645615030272.0000103899815172254396112126283656502181888.0000-340282346638528859811704183484516925440.0000     15.1627             —
  L20    17,655,136,256-304873675951802910014137431645615030272.0000103899815172254396112126283656502181888.0000-340282346638528859811704183484516925440.0000     33.5768             —
  L21    17,655,136,256-304873675951802910014137431645615030272.0000103899815172254396112126283656502181888.0000-340282346638528859811704183484516925440.0000     20.7373             —
  L22    17,655,136,256-304873675951802910014137431645615030272.0000103899815172254396112126283656502181888.0000-340282346638528859811704183484516925440.0000     15.8680             —
  L23    17,655,136,256-304873675951802910014137431645615030272.0000103899815172254396112126283656502181888.0000-340282346638528859811704183484516925440.0000     11.2518             —

Probe: attn_probs (Softmax(scores))
  Layer            Count        Mean         Std         Min         Max      AccumMax
  ----------------------------------------------------------------------------------
  L0     17,655,136,256      0.0078      0.0551      0.0000      1.0000             —
  L1     17,655,136,256      0.0078      0.0682      0.0000      1.0000             —
  L2     17,655,136,256      0.0078      0.0580      0.0000      1.0000             —
  L3     17,655,136,256      0.0078      0.0597      0.0000      1.0000             —
  L4     17,655,136,256      0.0078      0.0544      0.0000      1.0000             —
  L5     17,655,136,256      0.0078      0.0597      0.0000      0.9996             —
  L6     17,655,136,256      0.0078      0.0544      0.0000      0.9993             —
  L7     17,655,136,256      0.0078      0.0548      0.0000      0.9995             —
  L8     17,655,136,256      0.0078      0.0605      0.0000      1.0000             —
  L9     17,655,136,256      0.0078      0.0595      0.0000      1.0000             —
  L10    17,655,136,256      0.0078      0.0634      0.0000      1.0000             —
  L11    17,655,136,256      0.0078      0.0561      0.0000      1.0000             —
  L12    17,655,136,256      0.0078      0.0541      0.0000      1.0000             —
  L13    17,655,136,256      0.0078      0.0821      0.0000      1.0000             —
  L14    17,655,136,256      0.0078      0.0725      0.0000      1.0000             —
  L15    17,655,136,256      0.0078      0.0545      0.0000      1.0000             —
  L16    17,655,136,256      0.0078      0.0499      0.0000      0.9996             —
  L17    17,655,136,256      0.0078      0.0509      0.0000      1.0000             —
  L18    17,655,136,256      0.0078      0.0499      0.0000      0.9999             —
  L19    17,655,136,256      0.0078      0.0526      0.0000      1.0000             —
  L20    17,655,136,256      0.0078      0.0557      0.0000      1.0000             —
  L21    17,655,136,256      0.0078      0.0461      0.0000      1.0000             —
  L22    17,655,136,256      0.0078      0.0431      0.0000      1.0000             —
  L23    17,655,136,256      0.0078      0.0427      0.0000      0.9999             —

Probe: attn_context (Softmax × V)
  Layer            Count        Mean         Std         Min         Max      AccumMax
  ----------------------------------------------------------------------------------
  L0      8,827,568,128      0.0019      0.1682     -6.2239      3.3335        6.2671
  L1      8,827,568,128     -0.0013      0.1961     -5.1700      4.5425        5.1721
  L2      8,827,568,128      0.0033      0.1586     -4.4108      4.9644        4.9689
  L3      8,827,568,128     -0.0008      0.1463     -4.6895      3.8779        4.6928
  L4      8,827,568,128      0.0025      0.1278     -3.7207      3.7055        3.7965
  L5      8,827,568,128      0.0009      0.0972     -4.0149      5.1117        5.1165
  L6      8,827,568,128     -0.0034      0.1073     -4.2686      4.7971        4.8279
  L7      8,827,568,128      0.0038      0.1306     -4.1842      4.2925        4.3005
  L8      8,827,568,128      0.0052      0.1455     -3.9478      5.1744        5.1751
  L9      8,827,568,128     -0.0029      0.1939     -4.1519      3.6755        4.1526
  L10     8,827,568,128      0.0018      0.2330     -4.2626      4.0699        4.2881
  L11     8,827,568,128      0.0034      0.4063     -4.0462      3.9378        4.0462
  L12     8,827,568,128      0.0067      0.4191     -5.4539      6.1780        6.1784
  L13     8,827,568,128      0.0004      0.1155     -4.4105      4.2902        4.4325
  L14     8,827,568,128     -0.0009      0.1820     -5.2024      4.5757        5.2166
  L15     8,827,568,128      0.0058      0.2909     -4.2269      4.1575        4.2679
  L16     8,827,568,128     -0.0045      0.3256     -4.2416      4.4036        4.4122
  L17     8,827,568,128     -0.0016      0.3567     -4.1964      4.3041        4.3141
  L18     8,827,568,128     -0.0045      0.3366     -4.7025      4.9630        4.9910
  L19     8,827,568,128      0.0017      0.3822     -4.8706      4.3783        4.8813
  L20     8,827,568,128     -0.0139      0.4710     -6.2207      5.9974        6.2217
  L21     8,827,568,128      0.0073      0.5529     -5.3202      4.5676        5.3210
  L22     8,827,568,128      0.0138      0.4973     -5.0349      4.2315        5.0349
  L23     8,827,568,128      0.0109      0.5851     -4.0650      4.7064        4.7064

Probe: attn_output (Attn × Wₒ)
  Layer            Count        Mean         Std         Min         Max      AccumMax
  ----------------------------------------------------------------------------------
  L0      8,827,568,128     -0.0011      0.2055     -4.8000     25.3065       31.7435
  L1      8,827,568,128      0.0015      0.2103     -3.0403     12.6361       20.6526
  L2      8,827,568,128     -0.0033      0.1532     -2.7271      3.6625       11.6301
  L3      8,827,568,128     -0.0027      0.1249     -3.2491      2.7649        9.2596
  L4      8,827,568,128      0.0003      0.1212     -2.0402      2.1205        8.1065
  L5      8,827,568,128     -0.0001      0.0910     -2.2061      2.4238        8.1853
  L6      8,827,568,128      0.0004      0.1006     -2.1211      3.9584       11.3760
  L7      8,827,568,128      0.0007      0.1400     -3.3002      2.7044       11.6798
  L8      8,827,568,128      0.0007      0.1435     -2.6271      1.7889       10.5301
  L9      8,827,568,128     -0.0025      0.1750     -2.2048      2.3077       10.6104
  L10     8,827,568,128     -0.0023      0.1998     -3.4822      2.3038       12.4868
  L11     8,827,568,128     -0.0009      0.3900     -4.5746      3.3255       25.4262
  L12     8,827,568,128      0.0008      0.4197     -7.8557      3.8983       31.2084
  L13     8,827,568,128     -0.0011      0.1286     -3.5347      3.3100       21.4918
  L14     8,827,568,128      0.0014      0.1747     -4.9205      2.6301       21.4272
  L15     8,827,568,128      0.0002      0.2718     -7.4406      2.4625       17.8138
  L16     8,827,568,128      0.0029      0.3224     -3.5481      3.7747       17.5186
  L17     8,827,568,128      0.0011      0.3265     -2.4884      2.9894       15.5367
  L18     8,827,568,128      0.0007      0.3145     -3.0613      2.7497       15.7439
  L19     8,827,568,128      0.0006      0.3623     -3.1184      3.9176       18.1731
  L20     8,827,568,128     -0.0016      0.4891     -5.1714      9.6453       22.6616
  L21     8,827,568,128     -0.0040      0.5161     -4.4526      7.2117       32.1065
  L22     8,827,568,128      0.0018      0.5118     -3.9318      7.6179       30.3290
  L23     8,827,568,128     -0.0000      0.7527     -4.7722      8.7361       35.1449

Probe: post_attn_ln (Post-Attn sub-block)
  Layer            Count        Mean         Std         Min         Max      AccumMax
  ----------------------------------------------------------------------------------
  L0      8,827,568,128     -0.0089      1.1608    -14.9725    112.3988             —
  L1      8,827,568,128      0.0211      1.5363     -8.9996     93.8776             —
  L2      8,827,568,128      0.0361      2.0662     -7.9620     91.4882             —
  L3      8,827,568,128      0.0407      2.0866     -7.1933     82.1672             —
  L4      8,827,568,128      0.0448      2.0242     -7.8871     82.3410             —
  L5      8,827,568,128      0.0575      2.1128    -12.1224     71.3650             —
  L6      8,827,568,128      0.0443      2.3517    -31.5532     87.6999             —
  L7      8,827,568,128     -0.0241      2.0351    -69.2351     31.2576             —
  L8      8,827,568,128     -0.0466      2.0653    -72.5731     26.2567             —
  L9      8,827,568,128     -0.0447      1.9099    -67.8193     41.5924             —
  L10     8,827,568,128     -0.0362      1.5908    -54.3941     64.5947             —
  L11     8,827,568,128     -0.0298      1.2623    -48.3075     80.6626             —
  L12     8,827,568,128     -0.0273      1.2334    -45.5407     79.9119             —
  L13     8,827,568,128     -0.0190      1.1687    -40.8700     83.4403             —
  L14     8,827,568,128     -0.0100      1.1177    -32.7023     76.9812             —
  L15     8,827,568,128     -0.0123      1.0969    -56.5149     48.8088             —
  L16     8,827,568,128     -0.0266      1.1992    -65.2478     19.8099             —
  L17     8,827,568,128     -0.0250      1.1403    -58.2509     11.3673             —
  L18     8,827,568,128     -0.0273      1.2607    -56.8446     16.2908             —
  L19     8,827,568,128     -0.0210      1.4960    -95.0988     19.6843             —
  L20     8,827,568,128      0.0018      1.3823    -81.6172     40.9972             —
  L21     8,827,568,128      0.0151      1.1669    -52.0141     43.1349             —
  L22     8,827,568,128      0.0184      1.0665    -23.9112     41.1290             —
  L23     8,827,568,128      0.0214      1.1036     -8.8363     46.7019             —

Probe: gelu_input (FFN1 (GELU in))
  Layer            Count        Mean         Std         Min         Max      AccumMax
  ----------------------------------------------------------------------------------
  L0     35,310,272,512     -3.4167      2.1870    -25.8014     37.5102       73.9721
  L1     35,310,272,512     -3.1338      1.6155    -15.1879     13.5149       35.3395
  L2     35,310,272,512     -3.0058      1.3436    -18.2099     13.2301       42.1518
  L3     35,310,272,512     -2.7428      1.1007    -12.4326     10.2359       35.3521
  L4     35,310,272,512     -2.4047      1.1219    -12.6111     17.3355       48.9751
  L5     35,310,272,512     -2.3932      1.1399    -12.5955     10.3244       41.4296
  L6     35,310,272,512     -2.6551      1.2028    -13.5605     11.1263       39.8630
  L7     35,310,272,512     -2.9955      1.0732    -14.6248     23.1583       54.3801
  L8     35,310,272,512     -2.1920      0.9706    -14.1055     10.8750       45.0741
  L9     35,310,272,512     -1.3779      0.9894    -14.4085     12.1783       53.2308
  L10    35,310,272,512     -1.1196      0.9841    -30.7554     12.5734       64.1726
  L11    35,310,272,512      0.5028      1.5132    -33.9943     15.8265       57.7642
  L12    35,310,272,512     -1.8339      1.5254    -38.6035     10.5461       40.8152
  L13    35,310,272,512     -1.6830      1.0548    -27.8755     12.6540       62.0830
  L14    35,310,272,512     -1.4753      1.0589    -34.1154     13.8973       44.7847
  L15    35,310,272,512     -1.2733      1.0375    -12.5811     19.8916       38.2370
  L16    35,310,272,512     -0.7961      1.1250    -16.5356     17.4034       34.7931
  L17    35,310,272,512     -0.7928      1.0510    -54.4044     76.7552       98.2956
  L18    35,310,272,512     -1.6840      1.1498    -55.0448     70.4319      128.8463
  L19    35,310,272,512     -1.7845      1.2356    -26.6473     27.9968       60.8559
  L20    35,310,272,512     -1.4057      1.0619    -67.8699     84.6195       95.2209
  L21    35,310,272,512     -1.2933      1.7914   -197.3203     81.1181      222.9022
  L22    35,310,272,512     -1.3597      1.3954   -120.7407     22.0246      170.5127
  L23    35,310,272,512     -1.7183      0.9998    -22.1876      9.3571       40.7232

Probe: gelu_output (GELU output)
  Layer            Count        Mean         Std         Min         Max      AccumMax
  ----------------------------------------------------------------------------------
  L0     35,310,272,512      0.0288      0.3482     -0.1700     37.5102             —
  L1     35,310,272,512     -0.0094      0.2529     -0.1700     13.5149             —
  L2     35,310,272,512     -0.0155      0.1302     -0.1700     13.2301             —
  L3     35,310,272,512     -0.0216      0.1128     -0.1700     10.2359             —
  L4     35,310,272,512     -0.0303      0.1883     -0.1700     17.3355             —
  L5     35,310,272,512     -0.0258      0.1648     -0.1700     10.3244             —
  L6     35,310,272,512     -0.0159      0.1735     -0.1700     11.1263             —
  L7     35,310,272,512     -0.0156      0.0970     -0.1700     23.1583             —
  L8     35,310,272,512     -0.0409      0.1055     -0.1700     10.8750             —
  L9     35,310,272,512     -0.0626      0.1733     -0.1700     12.1783             —
  L10    35,310,272,512     -0.0552      0.2021     -0.1700     12.5734             —
  L11    35,310,272,512      0.7867      0.9905     -0.1700     15.8265             —
  L12    35,310,272,512     -0.0006      0.2843     -0.1700     10.5461             —
  L13    35,310,272,512     -0.0593      0.1711     -0.1700     12.6540             —
  L14    35,310,272,512     -0.0612      0.1557     -0.1700     13.8973             —
  L15    35,310,272,512     -0.0445      0.2830     -0.1700     19.8916             —
  L16    35,310,272,512      0.0379      0.4202     -0.1700     17.4034             —
  L17    35,310,272,512      0.0133      0.3917     -0.1700     76.7552             —
  L18    35,310,272,512     -0.0538      0.2732     -0.1700     70.4319             —
  L19    35,310,272,512     -0.0511      0.2140     -0.1700     27.9968             —
  L20    35,310,272,512     -0.0529      0.2129     -0.1700     84.6195             —
  L21    35,310,272,512     -0.0413      0.2685     -0.1700     81.1181             —
  L22    35,310,272,512     -0.0326      0.2392     -0.1700     22.0246             —
  L23    35,310,272,512     -0.0552      0.1363     -0.1700      9.3571             —

Probe: ffn2_output (FFN2 output)
  Layer            Count        Mean         Std         Min         Max      AccumMax
  ----------------------------------------------------------------------------------
  L0      8,827,568,128     -0.0552      1.6380    -43.4307    179.0166      195.4128
  L1      8,827,568,128      0.0044      0.9839     -7.0385     55.3190       73.7536
  L2      8,827,568,128      0.0014      0.3521     -4.5145     18.0189       31.5144
  L3      8,827,568,128     -0.0048      0.2641     -4.9794      7.9259       27.7940
  L4      8,827,568,128      0.0535      1.4337     -9.7698     82.7018       94.0264
  L5      8,827,568,128      0.0584      1.6669     -6.7861     85.0063       96.5007
  L6      8,827,568,128      0.0392      1.5013    -28.2486     99.2728      117.3987
  L7      8,827,568,128      0.0108      0.4035    -22.7713     49.9054       54.4047
  L8      8,827,568,128      0.0028      0.3368     -9.6156     34.6962       45.2312
  L9      8,827,568,128      0.0077      0.5369    -12.3279     40.2541       60.4675
  L10     8,827,568,128      0.0031      1.0712    -17.7504     90.4751       93.0030
  L11     8,827,568,128      0.0806      6.2832   -167.2288     94.2597      464.3065
  L12     8,827,568,128      0.0006      0.8205    -61.1820     99.3934      192.7656
  L13     8,827,568,128      0.0076      0.5843    -96.8370     86.5329      212.6779
  L14     8,827,568,128      0.0024      0.4116    -34.3819     46.2191      106.8261
  L15     8,827,568,128     -0.0026      1.0066    -54.7213     28.8280      110.8579
  L16     8,827,568,128     -0.0040      1.4274    -76.8416     20.7220      223.9345
  L17     8,827,568,128     -0.0526      3.5057  -1017.7739    302.9076     1031.9087
  L18     8,827,568,128     -0.0363      4.3478   -721.0534    160.1737      730.1840
  L19     8,827,568,128     -0.0058      2.6535   -247.6188     95.8582      252.6006
  L20     8,827,568,128      0.0166      2.0617   -820.2427    740.7289      887.3092
  L21     8,827,568,128      0.0428      4.3268   -443.3088    573.3910      630.4016
  L22     8,827,568,128      0.0130      4.0088   -885.2314    902.3657      923.0203
  L23     8,827,568,128      0.0008      0.2941     -6.0654      3.0232       30.3582

Probe: post_ffn_ln (Post-FFN sub-block)
  Layer            Count        Mean         Std         Min         Max      AccumMax
  ----------------------------------------------------------------------------------
  L0      8,827,568,128      0.0335      0.6629     -4.9435     12.4452             —
  L1      8,827,568,128      0.0173      0.5870     -5.0001     13.2415             —
  L2      8,827,568,128      0.0143      0.5282     -4.7910     13.6882             —
  L3      8,827,568,128      0.0100      0.4605     -4.7112     10.6032             —
  L4      8,827,568,128      0.0068      0.3676     -4.8980      8.3393             —
  L5      8,827,568,128      0.0042      0.3303     -6.8028      6.6492             —
  L6      8,827,568,128     -0.0040      0.3669    -16.4718      6.3252             —
  L7      8,827,568,128     -0.0063      0.4738    -13.0786      6.0023             —
  L8      8,827,568,128     -0.0104      0.5973    -16.0067     10.3503             —
  L9      8,827,568,128     -0.0068      0.6225    -15.5774     14.0414             —
  L10     8,827,568,128      0.0085      0.7716    -18.2039     13.3033             —
  L11     8,827,568,128      0.0064      0.7756    -17.9431     12.0282             —
  L12     8,827,568,128      0.0025      0.7245    -16.8545     13.5655             —
  L13     8,827,568,128      0.0040      0.6956    -13.4425     12.5619             —
  L14     8,827,568,128     -0.0015      0.6663    -15.3103     10.3064             —
  L15     8,827,568,128     -0.0153      0.6893    -15.0053      6.7001             —
  L16     8,827,568,128     -0.0139      0.6728    -13.0451      6.0561             —
  L17     8,827,568,128     -0.0135      0.6092    -12.0819      5.7692             —
  L18     8,827,568,128     -0.0053      0.6026    -10.2828      7.4843             —
  L19     8,827,568,128      0.0024      0.6518     -8.2518     16.7587             —
  L20     8,827,568,128     -0.0060      0.6368     -6.4326     17.0760             —
  L21     8,827,568,128     -0.0088      0.6163     -4.6205     18.6093             —
  L22     8,827,568,128     -0.0008      0.6849     -4.1154     24.5037             —
  L23     8,827,568,128     -0.0015      0.5655     -4.5606      6.5412             —

Probe: ln1_input (LN₁ input (pre-norm))
  Layer            Count        Mean         Std         Min         Max      AccumMax
  ----------------------------------------------------------------------------------

Probe: ln1_output (LN₁ output (pre-norm))
  Layer            Count        Mean         Std         Min         Max      AccumMax
  ----------------------------------------------------------------------------------

Probe: ln2_input (LN₂ input (pre-norm))
  Layer            Count        Mean         Std         Min         Max      AccumMax
  ----------------------------------------------------------------------------------

Probe: ln2_output (LN₂ output (pre-norm))
  Layer            Count        Mean         Std         Min         Max      AccumMax
  ----------------------------------------------------------------------------------
