Model: gpt2-medium  Arch: gpt2  Layers: 24

Probe: input_ids (Input IDs)  [global]
  Layer            Count        Mean         Std         Min         Max      AccumMax
  ----------------------------------------------------------------------------------
  All      2,383,872   5051.9295   9079.8937      6.0000  50253.0000             —

Probe: after_embed (After Embedding)  [global]
  Layer            Count        Mean         Std         Min         Max      AccumMax
  ----------------------------------------------------------------------------------
  All  2,441,084,928      0.0011      0.0975     -2.6945      2.8199             —

Probe: query_proj (XW_q + b_q)
  Layer            Count        Mean         Std         Min         Max      AccumMax
  ----------------------------------------------------------------------------------
  L0      2,441,084,928      0.0017      0.7721     -5.5324      5.2781       13.1792
  L1      2,441,084,928      0.0154      0.8840     -6.8935      7.0984       25.0184
  L2      2,441,084,928     -0.0362      1.4601    -11.6885     11.5019       28.5764
  L3      2,441,084,928     -0.0419      1.6807    -14.8613     12.2864       33.8972
  L4      2,441,084,928      0.0156      1.6376    -16.0750     17.0702       52.9792
  L5      2,441,084,928     -0.0027      1.5760    -20.5554     17.1367       55.4624
  L6      2,441,084,928     -0.0688      1.5579    -14.5773     13.8075       40.4829
  L7      2,441,084,928      0.0506      1.4517    -14.6923     13.6062       40.3792
  L8      2,441,084,928      0.0037      1.3238    -12.7084     11.9624       32.9757
  L9      2,441,084,928     -0.0376      1.5502    -15.4073     14.3211       42.6063
  L10     2,441,084,928      0.0603      1.4581    -15.2498     14.7883       39.9617
  L11     2,441,084,928      0.0094      1.3214    -16.7848     11.1507       39.6127
  L12     2,441,084,928      0.0099      1.4281    -15.1044     15.0110       40.6774
  L13     2,441,084,928      0.0006      1.4138    -13.7233     10.0152       40.5640
  L14     2,441,084,928     -0.0416      1.3994    -16.4589     11.1142       37.6434
  L15     2,441,084,928      0.0054      1.2937    -11.5318     12.2599       33.8596
  L16     2,441,084,928     -0.0429      1.4510    -12.5936     17.0714       32.7380
  L17     2,441,084,928      0.0098      1.3435     -9.2307     13.2254       33.8389
  L18     2,441,084,928     -0.0112      1.3578    -12.3648     11.5302       36.3026
  L19     2,441,084,928     -0.0207      1.3120    -10.1606     10.3320       34.7087
  L20     2,441,084,928     -0.0105      1.2802    -10.7397     11.2560       35.1496
  L21     2,441,084,928      0.0395      1.3376    -12.2191     11.0572       39.4698
  L22     2,441,084,928      0.0143      1.2699    -11.2781     11.1179       40.3095
  L23     2,441,084,928     -0.0106      1.2181    -16.3945     16.9849       43.8290

Probe: key_proj (XW_k + b_k)
  Layer            Count        Mean         Std         Min         Max      AccumMax
  ----------------------------------------------------------------------------------
  L0      2,441,084,928     -0.0030      0.7220     -6.4244     11.2840       14.4636
  L1      2,441,084,928      0.0289      0.9610     -8.1456      7.8120       28.1283
  L2      2,441,084,928     -0.0506      2.5676    -15.6821     14.9091       28.6456
  L3      2,441,084,928      0.1414      4.6955    -21.8589     23.7907       33.9280
  L4      2,441,084,928      0.0467      3.8203    -22.9432     23.2334       46.4121
  L5      2,441,084,928      0.0004      2.9329    -25.9445     24.7299       52.1789
  L6      2,441,084,928     -0.0111      1.9186    -21.6158     19.7190       44.1031
  L7      2,441,084,928     -0.0422      1.7189    -13.8146     15.9511       37.8150
  L8      2,441,084,928      0.0477      1.9433    -15.4498     17.4524       34.0353
  L9      2,441,084,928      0.0353      1.7398    -14.9517     14.3368       41.0284
  L10     2,441,084,928      0.0114      1.9237    -14.3537     16.7792       36.8276
  L11     2,441,084,928      0.0353      2.1935    -18.0752     18.1184       39.7297
  L12     2,441,084,928      0.0051      1.9582    -18.7905     16.2291       39.0405
  L13     2,441,084,928      0.0605      2.7892    -20.3118     20.1726       37.9196
  L14     2,441,084,928     -0.0375      2.2567    -16.9928     18.4387       37.6643
  L15     2,441,084,928     -0.0166      2.2828    -17.6195     17.4520       34.0742
  L16     2,441,084,928     -0.0082      2.0828    -17.0983     17.5116       34.4731
  L17     2,441,084,928     -0.0945      1.9571    -17.2779     16.9846       35.5779
  L18     2,441,084,928      0.0075      1.8750    -17.4286     17.1146       37.2970
  L19     2,441,084,928      0.0055      1.5802    -12.4410     12.9784       36.4260
  L20     2,441,084,928     -0.0023      1.5135    -13.1098     12.6712       35.2004
  L21     2,441,084,928     -0.0254      1.5854    -14.4109     12.6584       40.8931
  L22     2,441,084,928     -0.0269      1.3960    -11.8723     11.5179       40.0385
  L23     2,441,084,928     -0.0253      1.3247    -11.6590     10.4513       44.2866

Probe: value_proj (XW_v + b_v)
  Layer            Count        Mean         Std         Min         Max      AccumMax
  ----------------------------------------------------------------------------------
  L0      2,441,084,928      0.0003      0.0677     -0.7654      0.7694        2.8510
  L1      2,441,084,928      0.0155      0.5836     -5.0074      5.0715       18.2992
  L2      2,441,084,928      0.0065      0.5902     -4.9675      7.7307       16.4258
  L3      2,441,084,928     -0.0055      0.4989     -5.5661      5.5799       16.0322
  L4      2,441,084,928     -0.0044      0.5086     -4.8485      4.4674       19.3113
  L5      2,441,084,928      0.0012      0.5768     -5.4134      5.0032       21.6088
  L6      2,441,084,928      0.0085      0.7545     -5.7641      6.9979       29.9729
  L7      2,441,084,928      0.0023      0.7191     -5.8627      6.1321       27.8777
  L8      2,441,084,928     -0.0030      0.7107     -5.9915      5.9954       30.1096
  L9      2,441,084,928     -0.0019      0.8387     -8.0023      6.9605       36.7570
  L10     2,441,084,928     -0.0014      0.7802     -6.8842      6.5355       35.8864
  L11     2,441,084,928      0.0048      0.8018     -7.0810      6.5450       32.8541
  L12     2,441,084,928     -0.0067      0.9016     -7.4173      8.0621       36.4405
  L13     2,441,084,928      0.0020      0.7978     -8.0544      7.7240       32.3002
  L14     2,441,084,928     -0.0075      0.8301     -9.4525      9.5841       32.3382
  L15     2,441,084,928      0.0021      0.8931     -8.9798      9.5094       32.8639
  L16     2,441,084,928     -0.0051      0.8759     -8.8000      9.0609       31.9078
  L17     2,441,084,928      0.0062      0.9237     -9.6666     10.8167       32.2063
  L18     2,441,084,928     -0.0018      0.9300    -10.3778      9.4926       39.8637
  L19     2,441,084,928     -0.0109      0.9924    -10.9673     12.2188       44.3450
  L20     2,441,084,928     -0.0038      1.0125    -12.8246     12.4304       41.6196
  L21     2,441,084,928     -0.0113      1.0714    -14.0088     13.2116       50.9654
  L22     2,441,084,928     -0.0170      1.1041    -12.4781     11.7300       55.0830
  L23     2,441,084,928      0.0020      1.1627    -14.3219     12.9590       60.3704

Probe: qkt_raw (QKᵀ (raw))
  Layer            Count        Mean         Std         Min         Max      AccumMax
  ----------------------------------------------------------------------------------
  L0     19,528,679,424     -0.4042     13.6556    -95.3260    108.3375      128.9021
  L1     19,528,679,424      3.2005     17.4364    -80.2646    126.6385      172.3129
  L2     19,528,679,424      6.0012    115.5600   -552.5548    599.8906      667.4632
  L3     19,528,679,424    -11.6765    239.3068  -1106.1597    997.5295     1155.1760
  L4     19,528,679,424    -20.7904    253.1854  -2333.6045   2120.8794     2550.6785
  L5     19,528,679,424    -20.2483    160.9816  -1596.9237   1570.4401     1994.2369
  L6     19,528,679,424    -25.8876     69.0613   -663.9868    651.0184      836.5162
  L7     19,528,679,424    -21.7699     54.9672   -501.8969    345.3220      666.0312
  L8     19,528,679,424    -14.3365     65.3986   -397.1107    431.5892      489.1501
  L9     19,528,679,424    -22.5629     49.7505   -478.2558    269.4016      752.3140
  L10    19,528,679,424    -19.3787     52.8312   -375.3964    330.0934      495.6339
  L11    19,528,679,424    -13.6754     62.6632   -397.5412    383.5556      555.6840
  L12    19,528,679,424    -18.9032     45.8627   -358.6305    315.2657      538.9482
  L13    19,528,679,424    -13.1074     79.3092   -475.7350    478.3199      804.6682
  L14    19,528,679,424    -16.1618     65.2099   -426.2891    424.2243      569.8466
  L15    19,528,679,424    -14.1662     62.3735   -425.0536    453.5508      654.4542
  L16    19,528,679,424    -23.4004     64.6170   -401.7488    401.3720      495.0214
  L17    19,528,679,424    -22.8859     54.5893   -494.5372    478.7320      577.5764
  L18    19,528,679,424    -25.6812     50.0344   -418.1323    400.9043      540.3820
  L19    19,528,679,424    -29.3433     23.3515   -235.7881    261.3105      351.7843
  L20    19,528,679,424    -29.1594     22.2845   -261.6628    236.0836      373.7672
  L21    19,528,679,424    -32.2017     25.4522   -420.7082    257.9484      449.9358
  L22    19,528,679,424    -26.2970     17.4247   -198.3786    210.8988      354.9479
  L23    19,528,679,424     -7.0594     24.9045   -393.2883    242.8264      558.6360

Probe: attn_scores (QKᵀ/√dₖ + mask)
  Layer            Count        Mean         Std         Min         Max      AccumMax
  ----------------------------------------------------------------------------------
  L0     19,528,679,424-169808866340125241566192224375574364160.0000170140848800420062598439853226882760704.0000-340282346638528859811704183484516925440.0000     12.1623             —
  L1     19,528,679,424-169808866340125241566192224375574364160.0000170140848800420062598439853226882760704.0000-340282346638528859811704183484516925440.0000     15.8298             —
  L2     19,528,679,424-169808866340125241566192224375574364160.0000170140848800420062598439853226882760704.0000-340282346638528859811704183484516925440.0000     23.3237             —
  L3     19,528,679,424-169808866340125241566192224375574364160.0000170140848800420062598439853226882760704.0000-340282346638528859811704183484516925440.0000     19.2693             —
  L4     19,528,679,424-169808866340125241566192224375574364160.0000170140848800420062598439853226882760704.0000-340282346638528859811704183484516925440.0000     80.4403             —
  L5     19,528,679,424-169808866340125241566192224375574364160.0000170140848800420062598439853226882760704.0000-340282346638528859811704183484516925440.0000     77.7454             —
  L6     19,528,679,424-169808866340125241566192224375574364160.0000170140848800420062598439853226882760704.0000-340282346638528859811704183484516925440.0000     42.6360             —
  L7     19,528,679,424-169808866340125241566192224375574364160.0000170140848800420062598439853226882760704.0000-340282346638528859811704183484516925440.0000     27.6949             —
  L8     19,528,679,424-169808866340125241566192224375574364160.0000170140848800420062598439853226882760704.0000-340282346638528859811704183484516925440.0000     22.9785             —
  L9     19,528,679,424-169808866340125241566192224375574364160.0000170140848800420062598439853226882760704.0000-340282346638528859811704183484516925440.0000     21.3096             —
  L10    19,528,679,424-169808866340125241566192224375574364160.0000170140848800420062598439853226882760704.0000-340282346638528859811704183484516925440.0000     18.4109             —
  L11    19,528,679,424-169808866340125241566192224375574364160.0000170140848800420062598439853226882760704.0000-340282346638528859811704183484516925440.0000     29.0055             —
  L12    19,528,679,424-169808866340125241566192224375574364160.0000170140848800420062598439853226882760704.0000-340282346638528859811704183484516925440.0000     32.6796             —
  L13    19,528,679,424-169808866340125241566192224375574364160.0000170140848800420062598439853226882760704.0000-340282346638528859811704183484516925440.0000     34.4580             —
  L14    19,528,679,424-169808866340125241566192224375574364160.0000170140848800420062598439853226882760704.0000-340282346638528859811704183484516925440.0000     22.1559             —
  L15    19,528,679,424-169808866340125241566192224375574364160.0000170140848800420062598439853226882760704.0000-340282346638528859811704183484516925440.0000     26.4599             —
  L16    19,528,679,424-169808866340125241566192224375574364160.0000170140848800420062598439853226882760704.0000-340282346638528859811704183484516925440.0000     26.1704             —
  L17    19,528,679,424-169808866340125241566192224375574364160.0000170140848800420062598439853226882760704.0000-340282346638528859811704183484516925440.0000     21.9352             —
  L18    19,528,679,424-169808866340125241566192224375574364160.0000170140848800420062598439853226882760704.0000-340282346638528859811704183484516925440.0000     21.3920             —
  L19    19,528,679,424-169808866340125241566192224375574364160.0000170140848800420062598439853226882760704.0000-340282346638528859811704183484516925440.0000     16.7230             —
  L20    19,528,679,424-169808866340125241566192224375574364160.0000170140848800420062598439853226882760704.0000-340282346638528859811704183484516925440.0000     15.7822             —
  L21    19,528,679,424-169808866340125241566192224375574364160.0000170140848800420062598439853226882760704.0000-340282346638528859811704183484516925440.0000     23.2190             —
  L22    19,528,679,424-169808866340125241566192224375574364160.0000170140848800420062598439853226882760704.0000-340282346638528859811704183484516925440.0000     26.3623             —
  L23    19,528,679,424-169808866340125241566192224375574364160.0000170140848800420062598439853226882760704.0000-340282346638528859811704183484516925440.0000     30.3533             —

Probe: attn_probs (Softmax(scores))
  Layer            Count        Mean         Std         Min         Max      AccumMax
  ----------------------------------------------------------------------------------
  L0     19,528,679,424      0.0020      0.0072      0.0000      1.0000             —
  L1     19,528,679,424      0.0020      0.0088      0.0000      1.0000             —
  L2     19,528,679,424      0.0020      0.0158      0.0000      1.0000             —
  L3     19,528,679,424      0.0020      0.0205      0.0000      1.0000             —
  L4     19,528,679,424      0.0020      0.0241      0.0000      1.0000             —
  L5     19,528,679,424      0.0020      0.0270      0.0000      1.0000             —
  L6     19,528,679,424      0.0020      0.0300      0.0000      1.0000             —
  L7     19,528,679,424      0.0020      0.0284      0.0000      1.0000             —
  L8     19,528,679,424      0.0020      0.0245      0.0000      1.0000             —
  L9     19,528,679,424      0.0020      0.0296      0.0000      1.0000             —
  L10    19,528,679,424      0.0020      0.0262      0.0000      1.0000             —
  L11    19,528,679,424      0.0020      0.0259      0.0000      1.0000             —
  L12    19,528,679,424      0.0020      0.0283      0.0000      1.0000             —
  L13    19,528,679,424      0.0020      0.0267      0.0000      1.0000             —
  L14    19,528,679,424      0.0020      0.0288      0.0000      1.0000             —
  L15    19,528,679,424      0.0020      0.0256      0.0000      1.0000             —
  L16    19,528,679,424      0.0020      0.0309      0.0000      1.0000             —
  L17    19,528,679,424      0.0020      0.0287      0.0000      1.0000             —
  L18    19,528,679,424      0.0020      0.0314      0.0000      1.0000             —
  L19    19,528,679,424      0.0020      0.0311      0.0000      1.0000             —
  L20    19,528,679,424      0.0020      0.0297      0.0000      1.0000             —
  L21    19,528,679,424      0.0020      0.0316      0.0000      1.0000             —
  L22    19,528,679,424      0.0020      0.0269      0.0000      1.0000             —
  L23    19,528,679,424      0.0020      0.0197      0.0000      1.0000             —

Probe: attn_context (Softmax × V)
  Layer            Count        Mean         Std         Min         Max      AccumMax
  ----------------------------------------------------------------------------------
  L0      2,441,084,928      0.0002      0.0204     -0.5198      0.5489        0.5560
  L1      2,441,084,928      0.0088      0.2458     -3.6610      3.9755        3.9953
  L2      2,441,084,928      0.0034      0.3380     -3.6264      4.0411        4.1485
  L3      2,441,084,928      0.0008      0.2715     -3.4804      3.6081        3.6081
  L4      2,441,084,928     -0.0050      0.2331     -3.7056      4.0463        4.0463
  L5      2,441,084,928      0.0019      0.2214     -3.2585      3.8744        3.8744
  L6      2,441,084,928      0.0066      0.2663     -4.5606      5.3360        5.3360
  L7      2,441,084,928      0.0038      0.2388     -4.7034      5.4033        5.4033
  L8      2,441,084,928     -0.0010      0.2429     -4.4751      4.2399        4.5196
  L9      2,441,084,928     -0.0021      0.2443     -6.1383      6.5201        6.5237
  L10     2,441,084,928      0.0016      0.2492     -4.6479      5.0550        5.0558
  L11     2,441,084,928      0.0061      0.2585     -5.0160      5.3195        5.3654
  L12     2,441,084,928      0.0003      0.2527     -5.7440      6.5408        6.5440
  L13     2,441,084,928      0.0022      0.2643     -5.5009      5.4699        5.5082
  L14     2,441,084,928     -0.0040      0.2498     -6.4621      6.0887        6.4680
  L15     2,441,084,928     -0.0001      0.2952     -5.9117      5.9956        5.9991
  L16     2,441,084,928     -0.0003      0.2436     -5.6498      5.9579        5.9812
  L17     2,441,084,928      0.0012      0.2943     -5.5935      6.2261        6.2268
  L18     2,441,084,928     -0.0026      0.2671     -6.7599      6.7962        6.7964
  L19     2,441,084,928     -0.0025      0.2567     -7.4554      6.4158        7.4849
  L20     2,441,084,928     -0.0015      0.2976     -7.3777      8.1709        8.1718
  L21     2,441,084,928     -0.0024      0.3261    -10.4094     11.4572       11.4572
  L22     2,441,084,928     -0.0086      0.3528     -8.5240      6.5935        8.5242
  L23     2,441,084,928      0.0021      0.6203    -13.4624     12.9530       13.4625

Probe: attn_output (Attn × Wₒ)
  Layer            Count        Mean         Std         Min         Max      AccumMax
  ----------------------------------------------------------------------------------
  L0      2,441,084,928      0.0003      0.0310     -0.7670      0.8383        4.8181
  L1      2,441,084,928     -0.0077      0.5827    -37.9717     32.4118      212.8408
  L2      2,441,084,928     -0.0116      0.5420    -53.6345      8.6860      154.0506
  L3      2,441,084,928     -0.0046      0.3978    -24.4743      8.7544      103.2347
  L4      2,441,084,928     -0.0053      0.4411    -36.4555     13.4126      141.8662
  L5      2,441,084,928     -0.0057      0.4515    -36.7789     15.6822      138.5975
  L6      2,441,084,928     -0.0063      0.5251    -43.9313     13.9654      150.8775
  L7      2,441,084,928     -0.0042      0.5069    -35.3122     17.3120      167.3859
  L8      2,441,084,928     -0.0035      0.5159    -34.4856     13.7283      144.6518
  L9      2,441,084,928      0.0068      0.7080    -29.6574     36.5572      129.5668
  L10     2,441,084,928      0.0099      0.6396    -19.3979     30.5450      153.3475
  L11     2,441,084,928      0.0077      0.6069    -17.8512     17.5534       97.0014
  L12     2,441,084,928      0.0084      0.5856    -14.7430     22.5060       98.0401
  L13     2,441,084,928      0.0088      0.6349    -15.8430     21.8750       99.7896
  L14     2,441,084,928      0.0145      0.7256    -14.1433     32.2078      118.9917
  L15     2,441,084,928      0.0224      0.8183    -17.8849     35.0867      149.2777
  L16     2,441,084,928      0.0275      0.9084    -13.8436     37.8462      115.9397
  L17     2,441,084,928      0.0338      1.0640    -19.5322     54.5058      173.4002
  L18     2,441,084,928      0.0332      1.0653    -21.7313     62.0466      185.9078
  L19     2,441,084,928      0.0483      1.5087    -28.6106     89.1947      280.5535
  L20     2,441,084,928      0.0534      1.8412    -42.2688     92.8767      306.4937
  L21     2,441,084,928      0.0622      2.6058   -131.7050    136.3130      457.8275
  L22     2,441,084,928      0.0328      4.2289   -147.4006    218.7866      499.4242
  L23     2,441,084,928      0.2038     10.7327   -629.7079   1634.0366     1689.7129

Probe: post_attn_ln (Post-Attn sub-block)
  Layer            Count        Mean         Std         Min         Max      AccumMax
  ----------------------------------------------------------------------------------
  L0      2,441,084,928      0.0014      0.1022     -2.7461      2.8833             —
  L1      2,441,084,928     -0.0746      3.7225   -125.2890     97.6159             —
  L2      2,441,084,928     -0.0890      4.1732   -187.6088    102.0691             —
  L3      2,441,084,928     -0.0888      4.2996   -444.0425    105.1886             —
  L4      2,441,084,928     -0.0980      6.6191  -3558.7656    107.8925             —
  L5      2,441,084,928     -0.1034      6.9033  -3653.4998    110.8391             —
  L6      2,441,084,928     -0.1087      7.2446  -3817.0896    112.5771             —
  L7      2,441,084,928     -0.1114      7.4993  -3908.7678    114.7018             —
  L8      2,441,084,928     -0.1123      7.6943  -3964.5691    116.8494             —
  L9      2,441,084,928     -0.1029      7.7945  -3994.9170    118.6573             —
  L10     2,441,084,928     -0.0845      7.8726  -4004.1436    120.7260             —
  L11     2,441,084,928     -0.0726      8.0131  -4010.1433    121.5526             —
  L12     2,441,084,928     -0.0596      8.1563  -4011.0466    122.4499             —
  L13     2,441,084,928     -0.0436      8.3364  -4011.1765    122.7328             —
  L14     2,441,084,928     -0.0202      8.5787  -4012.4626    122.9243             —
  L15     2,441,084,928      0.0140      8.9046  -4013.2642    123.0571             —
  L16     2,441,084,928      0.0564      9.3749  -4014.8618    136.9475             —
  L17     2,441,084,928      0.1041      9.9827  -4014.5430    173.9447             —
  L18     2,441,084,928      0.1504     10.7150  -4010.4495    201.7339             —
  L19     2,441,084,928      0.2075     11.7964  -3998.3335    237.2983             —
  L20     2,441,084,928      0.2731     13.2932  -3970.5942    294.9490             —
  L21     2,441,084,928      0.3372     15.4790  -3928.3269    370.3906             —
  L22     2,441,084,928      0.3716     19.6159  -3858.0220    492.6471             —
  L23     2,441,084,928      0.5846     27.3270  -1352.9600    944.5345             —

Probe: gelu_input (FFN1 (GELU in))
  Layer            Count        Mean         Std         Min         Max      AccumMax
  ----------------------------------------------------------------------------------
  L0      9,764,339,712     -1.1887      0.9843    -14.9379     11.0798       30.7123
  L1      9,764,339,712     -0.7671      1.0257    -10.3236      9.2559       43.7393
  L2      9,764,339,712     -0.9840      1.0743    -12.4919      9.7701       43.6752
  L3      9,764,339,712     -1.3841      0.9795    -28.1443     78.8230      223.4011
  L4      9,764,339,712     -1.4147      1.0517    -36.6420      9.3091      194.0927
  L5      9,764,339,712     -1.3247      0.9840    -11.5113      6.7902       45.3093
  L6      9,764,339,712     -1.3080      0.9971    -22.1048      6.9207       94.5026
  L7      9,764,339,712     -1.2751      1.0095    -23.0144      7.3796       97.7506
  L8      9,764,339,712     -0.9707      0.9054    -10.4688      7.1575       35.2613
  L9      9,764,339,712     -1.1435      0.9500     -8.6541      7.8069       38.4499
  L10     9,764,339,712     -1.0431      0.9272     -9.9662      8.1301       33.7674
  L11     9,764,339,712     -1.0092      0.9006     -9.9778      7.7731       33.6330
  L12     9,764,339,712     -1.0155      0.9014     -9.9213      9.6748       33.8552
  L13     9,764,339,712     -1.0010      0.8959    -10.1472      9.4059       32.5807
  L14     9,764,339,712     -1.0512      0.9040    -10.8486      8.6379       41.4131
  L15     9,764,339,712     -1.0570      0.9100    -10.5081     10.0061       39.4099
  L16     9,764,339,712     -1.1049      0.9221    -10.9348     10.8364       36.9740
  L17     9,764,339,712     -1.1222      0.9295    -11.0388     12.0426       39.1348
  L18     9,764,339,712     -1.1571      0.9499    -13.2489     15.8076       39.8288
  L19     9,764,339,712     -1.1790      0.9714    -13.5902     13.8076       43.1501
  L20     9,764,339,712     -1.1821      0.9861    -19.9920     16.8052       61.3876
  L21     9,764,339,712     -1.1615      1.0112    -15.8961     35.2482       57.6373
  L22     9,764,339,712     -1.0953      1.0495    -31.8546     34.1647       64.3184
  L23     9,764,339,712     -0.9706      1.0429    -69.8757     44.9179      241.6410

Probe: gelu_output (GELU output)
  Layer            Count        Mean         Std         Min         Max      AccumMax
  ----------------------------------------------------------------------------------
  L0      9,764,339,712     -0.0595      0.2424     -0.1700     11.0798             —
  L1      9,764,339,712     -0.0237      0.1528     -0.1700      9.2559             —
  L2      9,764,339,712     -0.0286      0.1413     -0.1700      9.7701             —
  L3      9,764,339,712     -0.0580      0.1388     -0.1700     78.8230             —
  L4      9,764,339,712     -0.0615      0.1248     -0.1700      9.3091             —
  L5      9,764,339,712     -0.0585      0.1379     -0.1700      6.7902             —
  L6      9,764,339,712     -0.0567      0.1470     -0.1700      6.9207             —
  L7      9,764,339,712     -0.0522      0.1611     -0.1700      7.3796             —
  L8      9,764,339,712     -0.0524      0.1696     -0.1700      7.1575             —
  L9      9,764,339,712     -0.0532      0.1726     -0.1700      7.8069             —
  L10     9,764,339,712     -0.0504      0.1813     -0.1700      8.1301             —
  L11     9,764,339,712     -0.0523      0.1813     -0.1700      7.7731             —
  L12     9,764,339,712     -0.0528      0.1824     -0.1700      9.6748             —
  L13     9,764,339,712     -0.0529      0.1869     -0.1700      9.4059             —
  L14     9,764,339,712     -0.0549      0.1842     -0.1700      8.6379             —
  L15     9,764,339,712     -0.0534      0.1853     -0.1700     10.0061             —
  L16     9,764,339,712     -0.0536      0.1952     -0.1700     10.8364             —
  L17     9,764,339,712     -0.0529      0.1919     -0.1700     12.0426             —
  L18     9,764,339,712     -0.0508      0.2030     -0.1700     15.8076             —
  L19     9,764,339,712     -0.0474      0.2107     -0.1700     13.8076             —
  L20     9,764,339,712     -0.0448      0.2265     -0.1700     16.8052             —
  L21     9,764,339,712     -0.0375      0.2475     -0.1700     35.2482             —
  L22     9,764,339,712     -0.0253      0.2882     -0.1700     34.1647             —
  L23     9,764,339,712     -0.0179      0.3016     -0.1700     44.9179             —

Probe: ffn2_output (FFN2 output)
  Layer            Count        Mean         Std         Min         Max      AccumMax
  ----------------------------------------------------------------------------------
  L0      2,441,084,928     -0.0683      3.3833   -121.0346     86.8412      284.1181
  L1      2,441,084,928     -0.0028      0.5609    -71.1708     20.1582      259.1734
  L2      2,441,084,928      0.0047      0.6227   -298.4525     28.8904      327.1922
  L3      2,441,084,928     -0.0039      4.6172  -3387.2488     24.4657     3433.0608
  L4      2,441,084,928      0.0003      0.5955   -127.4110     30.9003      311.8007
  L5      2,441,084,928      0.0010      0.6274   -169.8482     29.5252      287.9925
  L6      2,441,084,928      0.0015      0.6339    -94.0890     28.8040      300.8937
  L7      2,441,084,928      0.0025      0.6958    -54.9690     32.4536      272.0403
  L8      2,441,084,928      0.0027      0.6901    -38.1909     28.7406      264.0896
  L9      2,441,084,928      0.0085      0.8482    -30.2055     33.2326      172.7587
  L10     2,441,084,928      0.0041      0.8024    -23.3880     25.1741      165.1628
  L11     2,441,084,928      0.0047      0.8190    -20.7470     18.3404      154.4425
  L12     2,441,084,928      0.0073      0.8628    -14.2339     16.1411      132.4210
  L13     2,441,084,928      0.0089      0.9068    -15.2294     21.5124      155.6089
  L14     2,441,084,928      0.0118      0.9695    -17.4088     24.8590      183.3363
  L15     2,441,084,928      0.0148      1.0724    -21.3352     37.9263      182.8226
  L16     2,441,084,928      0.0139      1.1447    -20.2276     43.5970      172.9244
  L17     2,441,084,928      0.0131      1.2592    -29.8163     41.5982      191.1600
  L18     2,441,084,928      0.0088      1.4139    -37.9832     42.9707      204.5863
  L19     2,441,084,928      0.0122      1.5757    -45.3526     59.9003      236.0762
  L20     2,441,084,928      0.0019      1.7797    -58.8600     73.9977      268.4362
  L21     2,441,084,928      0.0016      2.6161   -229.4209    165.3421      432.3511
  L22     2,441,084,928      0.0093      5.4817   -548.4353   1813.7977     1875.6132
  L23     2,441,084,928      0.0425      3.4765   -432.9444    494.1082     1261.1731

Probe: post_ffn_ln (Post-FFN sub-block)
  Layer            Count        Mean         Std         Min         Max      AccumMax
  ----------------------------------------------------------------------------------
  L0      2,441,084,928     -0.0669      3.3932   -120.7751     86.5933             —
  L1      2,441,084,928     -0.0774      3.9099   -184.1595    100.1894             —
  L2      2,441,084,928     -0.0843      4.1447   -443.1735    104.0909             —
  L3      2,441,084,928     -0.0927      6.5022  -3559.0894    106.8930             —
  L4      2,441,084,928     -0.0977      6.7786  -3654.2673    109.5481             —
  L5      2,441,084,928     -0.1024      7.0958  -3817.9851    111.1087             —
  L6      2,441,084,928     -0.1072      7.3683  -3909.7131    113.1122             —
  L7      2,441,084,928     -0.1089      7.5766  -3963.0986    114.5373             —
  L8      2,441,084,928     -0.1096      7.7452  -3994.8433    116.8718             —
  L9      2,441,084,928     -0.0944      7.7987  -4003.3218    119.9172             —
  L10     2,441,084,928     -0.0803      7.9055  -4009.8894    120.7923             —
  L11     2,441,084,928     -0.0680      8.0569  -4010.7251    122.0854             —
  L12     2,441,084,928     -0.0524      8.2232  -4010.8433    122.8954             —
  L13     2,441,084,928     -0.0347      8.4205  -4012.1509    122.8024             —
  L14     2,441,084,928     -0.0084      8.6887  -4012.9868    123.0089             —
  L15     2,441,084,928      0.0289      9.0753  -4014.3750    129.6386             —
  L16     2,441,084,928      0.0703      9.5798  -4012.5713    150.9981             —
  L17     2,441,084,928      0.1172     10.2381  -4008.8572    180.6292             —
  L18     2,441,084,928      0.1592     11.0203  -3996.5454    217.2888             —
  L19     2,441,084,928      0.2196     12.2203  -3970.5698    263.7298             —
  L20     2,441,084,928      0.2749     13.7242  -3928.6621    313.8408             —
  L21     2,441,084,928      0.3388     16.5804  -3862.9587    417.8767             —
  L22     2,441,084,928      0.3809     22.2442  -2052.1555    812.2296             —
  L23     2,441,084,928      0.6271     28.7898  -1524.1130   1146.0906             —

Probe: ln1_input (LN₁ input (pre-norm))
  Layer            Count        Mean         Std         Min         Max      AccumMax
  ----------------------------------------------------------------------------------
  L0      2,441,084,928      0.0011      0.0975     -2.6945      2.8199             —
  L1      2,441,084,928     -0.0669      3.3932   -120.7751     86.5933             —
  L2      2,441,084,928     -0.0774      3.9099   -184.1595    100.1894             —
  L3      2,441,084,928     -0.0843      4.1447   -443.1735    104.0909             —
  L4      2,441,084,928     -0.0927      6.5022  -3559.0894    106.8930             —
  L5      2,441,084,928     -0.0977      6.7786  -3654.2673    109.5481             —
  L6      2,441,084,928     -0.1024      7.0958  -3817.9851    111.1087             —
  L7      2,441,084,928     -0.1072      7.3683  -3909.7131    113.1122             —
  L8      2,441,084,928     -0.1089      7.5766  -3963.0986    114.5373             —
  L9      2,441,084,928     -0.1096      7.7452  -3994.8433    116.8718             —
  L10     2,441,084,928     -0.0944      7.7987  -4003.3218    119.9172             —
  L11     2,441,084,928     -0.0803      7.9055  -4009.8894    120.7923             —
  L12     2,441,084,928     -0.0680      8.0569  -4010.7251    122.0854             —
  L13     2,441,084,928     -0.0524      8.2232  -4010.8433    122.8954             —
  L14     2,441,084,928     -0.0347      8.4205  -4012.1509    122.8024             —
  L15     2,441,084,928     -0.0084      8.6887  -4012.9868    123.0089             —
  L16     2,441,084,928      0.0289      9.0753  -4014.3750    129.6386             —
  L17     2,441,084,928      0.0703      9.5798  -4012.5713    150.9981             —
  L18     2,441,084,928      0.1172     10.2381  -4008.8572    180.6292             —
  L19     2,441,084,928      0.1592     11.0203  -3996.5454    217.2888             —
  L20     2,441,084,928      0.2196     12.2203  -3970.5698    263.7298             —
  L21     2,441,084,928      0.2749     13.7242  -3928.6621    313.8408             —
  L22     2,441,084,928      0.3388     16.5804  -3862.9587    417.8767             —
  L23     2,441,084,928      0.3809     22.2442  -2052.1555    812.2296             —

Probe: ln1_output (LN₁ output (pre-norm))
  Layer            Count        Mean         Std         Min         Max      AccumMax
  ----------------------------------------------------------------------------------
  L0      2,441,084,928     -0.0000      0.0434     -0.4236      0.5132             —
  L1      2,441,084,928     -0.0103      0.1686     -3.3169      1.8459             —
  L2      2,441,084,928     -0.0070      0.2960     -9.6301      6.5172             —
  L3      2,441,084,928     -0.0018      0.3537    -10.3347      6.9547             —
  L4      2,441,084,928     -0.0018      0.2725     -6.5837      4.6918             —
  L5      2,441,084,928     -0.0031      0.2806     -6.0970      5.0076             —
  L6      2,441,084,928     -0.0067      0.3386     -6.6416      7.3211             —
  L7      2,441,084,928     -0.0051      0.3214     -6.5064      6.9676             —
  L8      2,441,084,928     -0.0031      0.2954     -6.1307      6.1399             —
  L9      2,441,084,928     -0.0050      0.3638     -8.1508      8.6503             —
  L10     2,441,084,928     -0.0033      0.3820    -10.4382     11.3021             —
  L11     2,441,084,928     -0.0041      0.3378     -8.0551      8.6430             —
  L12     2,441,084,928     -0.0050      0.3936    -11.1560     10.6819             —
  L13     2,441,084,928     -0.0039      0.3764    -10.8767     10.6709             —
  L14     2,441,084,928     -0.0066      0.3496     -8.7597      8.5265             —
  L15     2,441,084,928     -0.0051      0.3433     -8.2169      8.8117             —
  L16     2,441,084,928     -0.0070      0.3776    -10.7510     10.4495             —
  L17     2,441,084,928     -0.0094      0.3327     -8.1742      7.9372             —
  L18     2,441,084,928     -0.0111      0.3300     -7.9440      8.0886             —
  L19     2,441,084,928     -0.0133      0.3260     -6.3343      6.0601             —
  L20     2,441,084,928     -0.0148      0.3206     -6.2529      5.6715             —
  L21     2,441,084,928     -0.0175      0.3359     -7.0886      6.5408             —
  L22     2,441,084,928     -0.0177      0.3329     -5.5036      5.0172             —
  L23     2,441,084,928      0.0039      0.3118     -5.7741      5.1726             —

Probe: ln2_input (LN₂ input (pre-norm))
  Layer            Count        Mean         Std         Min         Max      AccumMax
  ----------------------------------------------------------------------------------
  L0      2,441,084,928      0.0014      0.1022     -2.7461      2.8833             —
  L1      2,441,084,928     -0.0746      3.7225   -125.2890     97.6159             —
  L2      2,441,084,928     -0.0890      4.1732   -187.6088    102.0691             —
  L3      2,441,084,928     -0.0888      4.2996   -444.0425    105.1886             —
  L4      2,441,084,928     -0.0980      6.6191  -3558.7656    107.8925             —
  L5      2,441,084,928     -0.1034      6.9033  -3653.4998    110.8391             —
  L6      2,441,084,928     -0.1087      7.2446  -3817.0896    112.5771             —
  L7      2,441,084,928     -0.1114      7.4993  -3908.7678    114.7018             —
  L8      2,441,084,928     -0.1123      7.6943  -3964.5691    116.8494             —
  L9      2,441,084,928     -0.1029      7.7945  -3994.9170    118.6573             —
  L10     2,441,084,928     -0.0845      7.8726  -4004.1436    120.7260             —
  L11     2,441,084,928     -0.0726      8.0131  -4010.1433    121.5526             —
  L12     2,441,084,928     -0.0596      8.1563  -4011.0466    122.4499             —
  L13     2,441,084,928     -0.0436      8.3364  -4011.1765    122.7328             —
  L14     2,441,084,928     -0.0202      8.5787  -4012.4626    122.9243             —
  L15     2,441,084,928      0.0140      8.9046  -4013.2642    123.0571             —
  L16     2,441,084,928      0.0564      9.3749  -4014.8618    136.9475             —
  L17     2,441,084,928      0.1041      9.9827  -4014.5430    173.9447             —
  L18     2,441,084,928      0.1504     10.7150  -4010.4495    201.7339             —
  L19     2,441,084,928      0.2075     11.7964  -3998.3335    237.2983             —
  L20     2,441,084,928      0.2731     13.2932  -3970.5942    294.9490             —
  L21     2,441,084,928      0.3372     15.4790  -3928.3269    370.3906             —
  L22     2,441,084,928      0.3716     19.6159  -3858.0220    492.6471             —
  L23     2,441,084,928      0.5846     27.3270  -1352.9600    944.5345             —

Probe: ln2_output (LN₂ output (pre-norm))
  Layer            Count        Mean         Std         Min         Max      AccumMax
  ----------------------------------------------------------------------------------
  L0      2,441,084,928      0.0015      0.1879     -2.2289      3.5053             —
  L1      2,441,084,928     -0.0054      0.1847     -4.5017      2.2549             —
  L2      2,441,084,928     -0.0002      0.1960     -5.6620      3.9417             —
  L3      2,441,084,928      0.0065      0.2204    -18.7467      3.9061             —
  L4      2,441,084,928      0.0056      0.2305     -7.5736      3.8644             —
  L5      2,441,084,928      0.0014      0.2473     -8.7497      4.8444             —
  L6      2,441,084,928      0.0009      0.2483     -9.2278      4.6439             —
  L7      2,441,084,928      0.0003      0.2593    -10.1546      4.0439             —
  L8      2,441,084,928     -0.0006      0.2482     -8.0499      4.7043             —
  L9      2,441,084,928     -0.0037      0.2739    -10.1542      1.9397             —
  L10     2,441,084,928     -0.0030      0.2580     -9.5167      1.9456             —
  L11     2,441,084,928     -0.0019      0.2545     -9.0145      2.0083             —
  L12     2,441,084,928     -0.0034      0.2402     -9.7462      1.9104             —
  L13     2,441,084,928      0.0007      0.2387     -8.5597      1.9426             —
  L14     2,441,084,928      0.0009      0.2303     -8.7083      1.9255             —
  L15     2,441,084,928      0.0016      0.2295     -7.7235      1.8983             —
  L16     2,441,084,928      0.0015      0.2422     -6.9244      1.9527             —
  L17     2,441,084,928      0.0013      0.2360     -6.0848      2.1599             —
  L18     2,441,084,928      0.0014      0.2438     -5.5475      2.3571             —
  L19     2,441,084,928      0.0005      0.2504     -5.2853      2.4788             —
  L20     2,441,084,928     -0.0015      0.2590     -4.6856      2.8983             —
  L21     2,441,084,928     -0.0014      0.2637     -4.0866      3.9657             —
  L22     2,441,084,928      0.0035      0.2647     -5.1717      5.0681             —
  L23     2,441,084,928      0.0089      0.2839     -7.5616      5.5371             —
