Model: textattack/bert-base-uncased-QNLI  Arch: bert  Layers: 12
Magnitude bins: 13 bins from 1e-08 to 1e+05

Probe: input_ids (Input IDs)  [global]
  Layer            Count  pct_zero     pct>1    pct>10  | magnitude bin percentages ...
  ------------------------------------------------------------
  All     13,407,104    61.395    38.605    38.605  |   0.00    0.00    0.00    0.00    0.00    0.00    0.00    0.00    0.00    0.01    2.60   31.86    4.14

Probe: after_embed (After Embedding)  [global]
  Layer            Count  pct_zero     pct>1    pct>10  | magnitude bin percentages ...
  ------------------------------------------------------------
  All 10,296,655,872     0.000     4.650     0.001  |   0.00    0.00    0.00    0.02    0.15    1.62   16.01   77.56    4.65    0.00    0.00    0.00    0.00

Probe: query_proj (XW_q + b_q)
  Layer            Count  pct_zero     pct>1    pct>10  | magnitude bin percentages ...
  ------------------------------------------------------------
  L0     10,296,655,872     0.000    23.868     0.000  |   0.00    0.00    0.00    0.01    0.10    0.96    9.43   65.64   23.87    0.00    0.00    0.00    0.00
  L1     10,296,655,872     0.000    28.069     0.000  |   0.00    0.00    0.00    0.01    0.08    0.82    8.16   62.87   28.07    0.00    0.00    0.00    0.00
  L2     10,296,655,872     0.000    29.924     0.001  |   0.00    0.00    0.00    0.01    0.08    0.83    8.29   60.86   29.92    0.00    0.00    0.00    0.00
  L3     10,296,655,872     0.000    29.212     0.000  |   0.00    0.00    0.00    0.01    0.08    0.80    8.02   61.88   29.21    0.00    0.00    0.00    0.00
  L4     10,296,655,872     0.000    32.129     0.000  |   0.00    0.00    0.00    0.01    0.07    0.74    7.37   59.69   32.13    0.00    0.00    0.00    0.00
  L5     10,296,655,872     0.000    36.320     0.000  |   0.00    0.00    0.00    0.01    0.07    0.69    6.80   56.11   36.32    0.00    0.00    0.00    0.00
  L6     10,296,655,872     0.000    36.868     0.000  |   0.00    0.00    0.00    0.01    0.07    0.67    6.65   55.74   36.87    0.00    0.00    0.00    0.00
  L7     10,296,655,872     0.000    38.658     0.000  |   0.00    0.00    0.00    0.01    0.06    0.64    6.40   54.23   38.66    0.00    0.00    0.00    0.00
  L8     10,296,655,872     0.000    39.064     0.000  |   0.00    0.00    0.00    0.01    0.06    0.64    6.31   53.92   39.06    0.00    0.00    0.00    0.00
  L9     10,296,655,872     0.000    39.445     0.000  |   0.00    0.00    0.00    0.01    0.06    0.63    6.26   53.60   39.45    0.00    0.00    0.00    0.00
  L10    10,296,655,872     0.000    39.223     0.000  |   0.00    0.00    0.00    0.01    0.06    0.63    6.31   53.77   39.22    0.00    0.00    0.00    0.00
  L11    10,296,655,872     0.000    40.204     0.000  |   0.00    0.00    0.00    0.01    0.06    0.60    6.05   53.08   40.20    0.00    0.00    0.00    0.00
  AGG   123,559,870,464     0.000    34.415     0.000  |   0.00    0.00    0.00    0.01    0.07    0.72    7.17   57.62   34.42    0.00    0.00    0.00    0.00

Probe: key_proj (XW_k + b_k)
  Layer            Count  pct_zero     pct>1    pct>10  | magnitude bin percentages ...
  ------------------------------------------------------------
  L0     10,296,655,872     0.000    27.920     0.000  |   0.00    0.00    0.00    0.01    0.09    0.83    8.25   62.90   27.92    0.00    0.00    0.00    0.00
  L1     10,296,655,872     0.000    27.962     0.000  |   0.00    0.00    0.00    0.01    0.08    0.85    8.45   62.65   27.96    0.00    0.00    0.00    0.00
  L2     10,296,655,872     0.000    29.700     0.000  |   0.00    0.00    0.00    0.01    0.08    0.80    8.00   61.41   29.70    0.00    0.00    0.00    0.00
  L3     10,296,655,872     0.000    31.085     0.000  |   0.00    0.00    0.00    0.01    0.08    0.80    7.91   60.12   31.09    0.00    0.00    0.00    0.00
  L4     10,296,655,872     0.000    32.928     0.000  |   0.00    0.00    0.00    0.01    0.07    0.72    7.20   59.07   32.93    0.00    0.00    0.00    0.00
  L5     10,296,655,872     0.000    38.179     0.000  |   0.00    0.00    0.00    0.01    0.07    0.67    6.60   54.48   38.18    0.00    0.00    0.00    0.00
  L6     10,296,655,872     0.000    40.704     0.000  |   0.00    0.00    0.00    0.01    0.06    0.61    6.10   52.51   40.70    0.00    0.00    0.00    0.00
  L7     10,296,655,872     0.000    42.585     0.000  |   0.00    0.00    0.00    0.01    0.06    0.59    5.91   50.85   42.59    0.00    0.00    0.00    0.00
  L8     10,296,655,872     0.000    39.320     0.000  |   0.00    0.00    0.00    0.01    0.06    0.63    6.28   53.70   39.32    0.00    0.00    0.00    0.00
  L9     10,296,655,872     0.000    38.179     0.000  |   0.00    0.00    0.00    0.01    0.06    0.64    6.37   54.75   38.18    0.00    0.00    0.00    0.00
  L10    10,296,655,872     0.000    38.902     0.000  |   0.00    0.00    0.00    0.01    0.06    0.65    6.47   53.91   38.90    0.00    0.00    0.00    0.00
  L11    10,296,655,872     0.000    37.607     0.000  |   0.00    0.00    0.00    0.01    0.07    0.67    6.68   54.97   37.61    0.00    0.00    0.00    0.00
  AGG   123,559,870,464     0.000    35.423     0.000  |   0.00    0.00    0.00    0.01    0.07    0.70    7.02   56.78   35.42    0.00    0.00    0.00    0.00

Probe: value_proj (XW_v + b_v)
  Layer            Count  pct_zero     pct>1    pct>10  | magnitude bin percentages ...
  ------------------------------------------------------------
  L0     10,296,655,872     0.000     3.363     0.000  |   0.00    0.00    0.00    0.02    0.20    1.96   19.26   75.19    3.36    0.00    0.00    0.00    0.00
  L1     10,296,655,872     0.000     6.452     0.000  |   0.00    0.00    0.00    0.02    0.16    1.63   16.06   75.68    6.45    0.00    0.00    0.00    0.00
  L2     10,296,655,872     0.000     7.095     0.000  |   0.00    0.00    0.00    0.02    0.16    1.59   15.74   75.39    7.10    0.00    0.00    0.00    0.00
  L3     10,296,655,872     0.000     8.164     0.000  |   0.00    0.00    0.00    0.02    0.15    1.55   15.18   74.94    8.16    0.00    0.00    0.00    0.00
  L4     10,296,655,872     0.000    11.877     0.000  |   0.00    0.00    0.00    0.02    0.15    1.53   13.53   72.89   11.88    0.00    0.00    0.00    0.00
  L5     10,296,655,872     0.000     9.912     0.000  |   0.00    0.00    0.00    0.02    0.16    1.62   14.08   74.21    9.91    0.00    0.00    0.00    0.00
  L6     10,296,655,872     0.000    10.668     0.000  |   0.00    0.00    0.00    0.02    0.15    1.54   13.88   73.73   10.67    0.00    0.00    0.00    0.00
  L7     10,296,655,872     0.000     8.067     0.000  |   0.00    0.00    0.00    0.02    0.16    1.65   14.47   75.63    8.07    0.00    0.00    0.00    0.00
  L8     10,296,655,872     0.000    13.675     0.000  |   0.00    0.00    0.00    0.01    0.14    1.42   12.12   72.63   13.67    0.00    0.00    0.00    0.00
  L9     10,296,655,872     0.000    13.946     0.000  |   0.00    0.00    0.00    0.01    0.13    1.28   11.94   72.69   13.95    0.00    0.00    0.00    0.00
  L10    10,296,655,872     0.000    12.949     0.000  |   0.00    0.00    0.00    0.02    0.16    1.56   12.96   72.35   12.95    0.00    0.00    0.00    0.00
  L11    10,296,655,872     0.000    15.655     0.000  |   0.00    0.00    0.00    0.02    0.18    1.79   11.77   70.59   15.65    0.00    0.00    0.00    0.00
  AGG   123,559,870,464     0.000    10.152     0.000  |   0.00    0.00    0.00    0.02    0.16    1.59   14.25   73.83   10.15    0.00    0.00    0.00    0.00

Probe: qkt_raw (QKᵀ (raw))
  Layer            Count  pct_zero     pct>1    pct>10  | magnitude bin percentages ...
  ------------------------------------------------------------
  L0     20,593,311,744     0.000    95.117    57.586  |   0.00    0.00    0.00    0.00    0.00    0.05    0.45    4.38   37.53   57.59    0.00    0.00    0.00
  L1     20,593,311,744     0.000    91.775    39.840  |   0.00    0.00    0.00    0.00    0.01    0.07    0.75    7.39   51.93   39.84    0.00    0.00    0.00
  L2     20,593,311,744     0.000    94.123    50.731  |   0.00    0.00    0.00    0.00    0.01    0.05    0.53    5.29   43.39   48.86    1.88    0.00    0.00
  L3     20,593,311,744     0.000    94.154    52.114  |   0.00    0.00    0.00    0.00    0.01    0.05    0.53    5.26   42.04   52.11    0.00    0.00    0.00
  L4     20,593,311,744     0.000    95.008    54.615  |   0.00    0.00    0.00    0.00    0.00    0.05    0.45    4.49   40.39   54.61    0.00    0.00    0.00
  L5     20,593,311,744     0.000    96.030    62.037  |   0.00    0.00    0.00    0.00    0.00    0.04    0.36    3.57   33.99   62.02    0.02    0.00    0.00
  L6     20,593,311,744     0.000    96.495    64.424  |   0.00    0.00    0.00    0.00    0.00    0.03    0.32    3.15   32.07   64.41    0.02    0.00    0.00
  L7     20,593,311,744     0.000    96.568    66.553  |   0.00    0.00    0.00    0.00    0.00    0.03    0.31    3.09   30.02   66.54    0.01    0.00    0.00
  L8     20,593,311,744     0.000    96.181    62.982  |   0.00    0.00    0.00    0.00    0.00    0.03    0.34    3.44   33.20   62.98    0.00    0.00    0.00
  L9     20,593,311,744     0.000    95.310    57.143  |   0.00    0.00    0.00    0.00    0.00    0.04    0.42    4.22   38.17   57.14    0.00    0.00    0.00
  L10    20,593,311,744     0.000    97.261    72.069  |   0.00    0.00    0.00    0.00    0.00    0.02    0.25    2.47   25.19   72.01    0.06    0.00    0.00
  L11    20,593,311,744     0.000    97.029    70.287  |   0.00    0.00    0.00    0.00    0.00    0.03    0.27    2.67   26.74   70.28    0.00    0.00    0.00
  AGG   247,119,740,928     0.000    95.421    59.198  |   0.00    0.00    0.00    0.00    0.00    0.04    0.41    4.12   36.22   59.03    0.17    0.00    0.00

Probe: attn_scores (QKᵀ/√dₖ + mask)
  Layer            Count  pct_zero     pct>1    pct>10  | magnitude bin percentages ...
  ------------------------------------------------------------
  L0     20,593,311,744     0.000    82.711    61.399  |   0.00    0.00    0.00    0.00    0.02    0.18    1.77   15.32   21.31    0.00    0.00    0.00   61.40
  L1     20,593,311,744     0.000    79.170    61.436  |   0.00    0.00    0.00    0.00    0.02    0.22    2.20   18.39   17.73    0.04    0.00    0.00   61.40
  L2     20,593,311,744     0.000    80.105    62.446  |   0.00    0.00    0.00    0.00    0.02    0.21    2.12   17.53   17.66    1.05    0.00    0.00   61.40
  L3     20,593,311,744     0.000    83.752    61.429  |   0.00    0.00    0.00    0.00    0.02    0.16    1.58   14.49   22.32    0.03    0.00    0.00   61.40
  L4     20,593,311,744     0.000    86.065    61.403  |   0.00    0.00    0.00    0.00    0.01    0.13    1.30   12.49   24.66    0.01    0.00    0.00   61.40
  L5     20,593,311,744     0.000    89.473    61.486  |   0.00    0.00    0.00    0.00    0.01    0.10    0.97    9.45   27.99    0.09    0.00    0.00   61.40
  L6     20,593,311,744     0.000    89.535    61.502  |   0.00    0.00    0.00    0.00    0.01    0.10    0.96    9.40   28.03    0.11    0.00    0.00   61.40
  L7     20,593,311,744     0.000    91.767    61.492  |   0.00    0.00    0.00    0.00    0.01    0.07    0.74    7.41   30.27    0.10    0.00    0.00   61.40
  L8     20,593,311,744     0.000    88.617    61.427  |   0.00    0.00    0.00    0.00    0.01    0.11    1.05   10.21   27.19    0.03    0.00    0.00   61.40
  L9     20,593,311,744     0.000    87.172    61.407  |   0.00    0.00    0.00    0.00    0.01    0.12    1.21   11.49   25.77    0.01    0.00    0.00   61.40
  L10    20,593,311,744     0.000    92.702    61.529  |   0.00    0.00    0.00    0.00    0.01    0.06    0.65    6.58   31.17    0.13    0.00    0.00   61.40
  L11    20,593,311,744     0.000    92.748    61.440  |   0.00    0.00    0.00    0.00    0.01    0.06    0.64    6.54   31.31    0.04    0.00    0.00   61.40
  AGG   247,119,740,928     0.000    86.985    61.533  |   0.00    0.00    0.00    0.00    0.01    0.13    1.27   11.61   25.45    0.14    0.00    0.00   61.40

Probe: attn_probs (Softmax(scores))
  Layer            Count  pct_zero     pct>1    pct>10  | magnitude bin percentages ...
  ------------------------------------------------------------
  L0     20,593,311,744    61.395     0.000     0.000  |   0.08    0.44    1.25    2.47    5.97   13.96   13.33    1.10    0.00    0.00    0.00    0.00    0.00
  L1     20,593,311,744    61.395     0.000     0.000  |   0.21    0.47    1.08    1.99    4.63   15.22   13.86    1.14    0.00    0.00    0.00    0.00    0.00
  L2     20,593,311,744    61.395     0.000     0.000  |   3.76    0.72    0.65    0.96    3.35   15.09   12.92    1.17    0.00    0.00    0.00    0.00    0.00
  L3     20,593,311,744    61.395     0.000     0.000  |   0.10    0.32    1.05    2.65    6.63   16.11    9.78    1.96    0.00    0.00    0.00    0.00    0.00
  L4     20,593,311,744    61.395     0.000     0.000  |   0.01    0.10    0.66    3.01    8.63   14.93    9.39    1.88    0.00    0.00    0.00    0.00    0.00
  L5     20,593,311,744    61.395     0.000     0.000  |   0.20    0.61    2.29    6.19   10.47   11.29    5.66    1.90    0.00    0.00    0.00    0.00    0.00
  L6     20,593,311,744    61.395     0.000     0.000  |   0.19    0.68    2.45    6.28   10.17   10.79    6.00    2.05    0.00    0.00    0.00    0.00    0.00
  L7     20,593,311,744    61.395     0.000     0.000  |   0.25    0.99    3.74    8.63   10.77    8.26    3.95    2.02    0.00    0.00    0.00    0.00    0.00
  L8     20,593,311,744    61.395     0.000     0.000  |   0.10    0.45    2.03    5.75    9.86   11.78    6.58    2.07    0.00    0.00    0.00    0.00    0.00
  L9     20,593,311,744    61.395     0.000     0.000  |   0.04    0.22    1.16    4.32   10.20   13.63    7.10    1.95    0.00    0.00    0.00    0.00    0.00
  L10    20,593,311,744    61.395     0.000     0.000  |   0.12    0.34    1.28    4.69   11.31   12.89    5.78    2.19    0.00    0.00    0.00    0.00    0.00
  L11    20,593,311,744    61.395     0.000     0.000  |   0.02    0.17    0.91    3.59   10.32   13.90    7.34    2.35    0.00    0.00    0.00    0.00    0.00
  AGG   247,119,740,928    61.395     0.000     0.000  |   0.42    0.46    1.55    4.21    8.53   13.15    8.47    1.81    0.00    0.00    0.00    0.00    0.00

Probe: attn_context (Softmax × V)
  Layer            Count  pct_zero     pct>1    pct>10  | magnitude bin percentages ...
  ------------------------------------------------------------
  L0     10,296,655,872     0.000     0.202     0.000  |   0.00    0.00    0.01    0.05    0.55    5.42   45.51   48.26    0.20    0.00    0.00    0.00    0.00
  L1     10,296,655,872     0.000     0.412     0.000  |   0.00    0.00    0.00    0.05    0.49    4.90   43.39   50.76    0.41    0.00    0.00    0.00    0.00
  L2     10,296,655,872     0.000     0.900     0.000  |   0.00    0.00    0.00    0.05    0.46    4.62   41.24   52.73    0.90    0.00    0.00    0.00    0.00
  L3     10,296,655,872     0.000     0.711     0.000  |   0.00    0.00    0.01    0.05    0.51    5.05   43.00   50.68    0.71    0.00    0.00    0.00    0.00
  L4     10,296,655,872     0.000     0.624     0.000  |   0.00    0.00    0.01    0.05    0.51    5.03   40.45   53.33    0.62    0.00    0.00    0.00    0.00
  L5     10,296,655,872     0.000     0.699     0.000  |   0.00    0.00    0.01    0.07    0.70    6.94   47.91   43.68    0.70    0.00    0.00    0.00    0.00
  L6     10,296,655,872     0.000     0.754     0.000  |   0.00    0.00    0.01    0.05    0.52    5.17   39.37   54.13    0.75    0.00    0.00    0.00    0.00
  L7     10,296,655,872     0.000     0.626     0.000  |   0.00    0.00    0.01    0.07    0.74    7.40   48.01   43.14    0.63    0.00    0.00    0.00    0.00
  L8     10,296,655,872     0.000     1.290     0.000  |   0.00    0.00    0.00    0.05    0.47    4.65   35.75   57.79    1.29    0.00    0.00    0.00    0.00
  L9     10,296,655,872     0.000     0.898     0.000  |   0.00    0.00    0.01    0.05    0.52    5.19   40.67   52.66    0.90    0.00    0.00    0.00    0.00
  L10    10,296,655,872     0.000     0.864     0.000  |   0.00    0.00    0.01    0.08    0.83    8.24   49.46   40.51    0.86    0.00    0.00    0.00    0.00
  L11    10,296,655,872     0.000     1.227     0.000  |   0.00    0.00    0.01    0.06    0.62    6.12   39.87   52.10    1.23    0.00    0.00    0.00    0.00
  AGG   123,559,870,464     0.000     0.767     0.000  |   0.00    0.00    0.01    0.06    0.58    5.73   42.89   49.98    0.77    0.00    0.00    0.00    0.00

Probe: attn_output (Attn × Wₒ)
  Layer            Count  pct_zero     pct>1    pct>10  | magnitude bin percentages ...
  ------------------------------------------------------------
  L0     10,296,655,872     0.000     0.360     0.000  |   0.00    0.00    0.00    0.04    0.42    4.22   39.06   55.89    0.36    0.00    0.00    0.00    0.00
  L1     10,296,655,872     0.000     0.154     0.000  |   0.00    0.00    0.00    0.04    0.44    4.45   40.77   54.13    0.15    0.00    0.00    0.00    0.00
  L2     10,296,655,872     0.000     0.126     0.000  |   0.00    0.00    0.00    0.04    0.42    4.15   38.55   56.71    0.13    0.00    0.00    0.00    0.00
  L3     10,296,655,872     0.000     0.134     0.000  |   0.00    0.00    0.00    0.04    0.42    4.24   38.85   56.31    0.13    0.00    0.00    0.00    0.00
  L4     10,296,655,872     0.000     0.276     0.000  |   0.00    0.00    0.00    0.04    0.36    3.64   33.10   62.58    0.28    0.00    0.00    0.00    0.00
  L5     10,296,655,872     0.000     0.291     0.000  |   0.00    0.00    0.00    0.04    0.44    4.39   38.57   56.26    0.29    0.00    0.00    0.00    0.00
  L6     10,296,655,872     0.000     0.292     0.000  |   0.00    0.00    0.00    0.04    0.36    3.56   32.37   63.38    0.29    0.00    0.00    0.00    0.00
  L7     10,296,655,872     0.000     0.136     0.000  |   0.00    0.00    0.00    0.04    0.41    4.14   36.85   58.42    0.14    0.00    0.00    0.00    0.00
  L8     10,296,655,872     0.000     0.277     0.000  |   0.00    0.00    0.00    0.03    0.29    2.91   27.31   69.18    0.28    0.00    0.00    0.00    0.00
  L9     10,296,655,872     0.000     0.183     0.000  |   0.00    0.00    0.00    0.03    0.32    3.15   30.09   66.22    0.18    0.00    0.00    0.00    0.00
  L10    10,296,655,872     0.000     0.082     0.000  |   0.00    0.00    0.00    0.03    0.35    3.47   32.76   63.30    0.08    0.00    0.00    0.00    0.00
  L11    10,296,655,872     0.000     0.600     0.000  |   0.00    0.00    0.00    0.03    0.33    3.29   27.32   68.42    0.60    0.00    0.00    0.00    0.00
  AGG   123,559,870,464     0.000     0.243     0.000  |   0.00    0.00    0.00    0.04    0.38    3.80   34.63   60.90    0.24    0.00    0.00    0.00    0.00

Probe: post_attn_ln (Post-Attn sub-block)
  Layer            Count  pct_zero     pct>1    pct>10  | magnitude bin percentages ...
  ------------------------------------------------------------
  L0     10,296,655,872     0.000    27.147     0.029  |   0.00    0.00    0.00    0.01    0.08    0.78    7.76   64.23   27.12    0.03    0.00    0.00    0.00
  L1     10,296,655,872     0.000    22.556     0.118  |   0.00    0.00    0.00    0.01    0.09    0.88    8.76   67.70   22.44    0.12    0.00    0.00    0.00
  L2     10,296,655,872     0.000    19.291     0.125  |   0.00    0.00    0.00    0.01    0.09    0.95    9.43   70.23   19.17    0.12    0.00    0.00    0.00
  L3     10,296,655,872     0.000    17.136     0.121  |   0.00    0.00    0.00    0.01    0.10    1.05   10.41   71.29   17.01    0.12    0.00    0.00    0.00
  L4     10,296,655,872     0.000    15.212     0.123  |   0.00    0.00    0.00    0.01    0.11    1.13   11.20   72.33   15.09    0.12    0.00    0.00    0.00
  L5     10,296,655,872     0.000    15.051     0.121  |   0.00    0.00    0.00    0.01    0.11    1.14   11.25   72.43   14.93    0.12    0.00    0.00    0.00
  L6     10,296,655,872     0.000    15.026     0.124  |   0.00    0.00    0.00    0.01    0.11    1.13   11.17   72.55   14.90    0.12    0.00    0.00    0.00
  L7     10,296,655,872     0.000    15.642     0.164  |   0.00    0.00    0.00    0.01    0.11    1.10   10.87   72.26   15.48    0.16    0.00    0.00    0.00
  L8     10,296,655,872     0.000    15.604     0.158  |   0.00    0.00    0.00    0.01    0.11    1.09   10.77   72.41   15.45    0.16    0.00    0.00    0.00
  L9     10,296,655,872     0.000    14.780     0.103  |   0.00    0.00    0.00    0.01    0.11    1.08   10.73   73.29   14.68    0.10    0.00    0.00    0.00
  L10    10,296,655,872     0.000    14.028     0.121  |   0.00    0.00    0.00    0.01    0.11    1.10   10.96   73.79   13.91    0.12    0.00    0.00    0.00
  L11    10,296,655,872     0.000    12.744     0.128  |   0.00    0.00    0.00    0.01    0.12    1.17   11.60   74.36   12.62    0.13    0.00    0.00    0.00
  AGG   123,559,870,464     0.000    17.018     0.120  |   0.00    0.00    0.00    0.01    0.10    1.05   10.41   71.41   16.90    0.12    0.00    0.00    0.00

Probe: gelu_input (FFN1 (GELU in))
  Layer            Count  pct_zero     pct>1    pct>10  | magnitude bin percentages ...
  ------------------------------------------------------------
  L0     41,186,623,488     0.000    83.076     0.106  |   0.00    0.00    0.00    0.00    0.01    0.14    1.42   15.35   82.97    0.11    0.00    0.00    0.00
  L1     41,186,623,488     0.000    82.035     0.024  |   0.00    0.00    0.00    0.00    0.01    0.14    1.40   16.41   82.01    0.02    0.00    0.00    0.00
  L2     41,186,623,488     0.000    83.772     0.031  |   0.00    0.00    0.00    0.00    0.01    0.13    1.25   14.83   83.74    0.03    0.00    0.00    0.00
  L3     41,186,623,488     0.000    80.508     0.050  |   0.00    0.00    0.00    0.00    0.02    0.15    1.53   17.79   80.46    0.05    0.00    0.00    0.00
  L4     41,186,623,488     0.000    78.870     0.035  |   0.00    0.00    0.00    0.00    0.02    0.17    1.69   19.26   78.84    0.03    0.00    0.00    0.00
  L5     41,186,623,488     0.000    76.688     0.011  |   0.00    0.00    0.00    0.00    0.02    0.18    1.82   21.29   76.68    0.01    0.00    0.00    0.00
  L6     41,186,623,488     0.000    75.720     0.002  |   0.00    0.00    0.00    0.00    0.02    0.19    1.94   22.13   75.72    0.00    0.00    0.00    0.00
  L7     41,186,623,488     0.000    71.983     0.009  |   0.00    0.00    0.00    0.00    0.02    0.22    2.16   25.62   71.97    0.01    0.00    0.00    0.00
  L8     41,186,623,488     0.000    69.752     0.012  |   0.00    0.00    0.00    0.00    0.02    0.23    2.34   27.65   69.74    0.01    0.00    0.00    0.00
  L9     41,186,623,488     0.000    72.869     0.095  |   0.00    0.00    0.00    0.00    0.02    0.19    1.90   25.02   72.77    0.09    0.00    0.00    0.00
  L10    41,186,623,488     0.000    68.663     0.033  |   0.00    0.00    0.00    0.00    0.02    0.20    2.06   29.05   68.63    0.03    0.00    0.00    0.00
  L11    41,186,623,488     0.000    68.995     0.002  |   0.00    0.00    0.00    0.00    0.02    0.19    1.89   28.90   68.99    0.00    0.00    0.00    0.00
  AGG   494,239,481,856     0.000    76.078     0.034  |   0.00    0.00    0.00    0.00    0.02    0.18    1.78   21.94   76.04    0.03    0.00    0.00    0.00

Probe: gelu_output (GELU output)
  Layer            Count  pct_zero     pct>1    pct>10  | magnitude bin percentages ...
  ------------------------------------------------------------
  L0     41,186,623,488     1.878     1.706     0.000  |   0.00    1.61    2.92    5.32    9.92   18.18   34.41   24.06    1.71    0.00    0.00    0.00    0.00
  L1     41,186,623,488     0.409     0.805     0.000  |   0.00    0.29    0.86    2.61    7.35   18.40   41.60   27.67    0.81    0.00    0.00    0.00    0.00
  L2     41,186,623,488     0.251     0.564     0.001  |   0.00    0.45    1.23    3.19    8.18   19.42   41.09   25.62    0.56    0.00    0.00    0.00    0.00
  L3     41,186,623,488     0.590     0.643     0.000  |   0.00    0.32    0.75    2.14    6.44   17.57   42.10   29.45    0.64    0.00    0.00    0.00    0.00
  L4     41,186,623,488     0.456     0.580     0.000  |   0.00    0.26    0.56    1.51    4.96   16.22   43.99   31.47    0.58    0.00    0.00    0.00    0.00
  L5     41,186,623,488     0.379     0.455     0.001  |   0.00    0.27    0.54    1.28    3.80   13.19   44.65   35.44    0.45    0.00    0.00    0.00    0.00
  L6     41,186,623,488     0.163     0.495     0.000  |   0.00    0.16    0.37    1.05    3.56   12.97   45.08   36.15    0.49    0.00    0.00    0.00    0.00
  L7     41,186,623,488     0.094     0.481     0.000  |   0.00    0.07    0.17    0.56    2.27   10.10   44.52   41.73    0.48    0.00    0.00    0.00    0.00
  L8     41,186,623,488     0.065     0.496     0.000  |   0.00    0.04    0.10    0.41    1.89    9.09   43.78   44.13    0.50    0.00    0.00    0.00    0.00
  L9     41,186,623,488     0.114     0.300     0.003  |   0.00    0.03    0.11    0.43    1.93    9.12   44.96   43.00    0.30    0.00    0.00    0.00    0.00
  L10    41,186,623,488     0.047     0.402     0.002  |   0.00    0.02    0.05    0.21    1.03    6.14   42.36   49.75    0.40    0.00    0.00    0.00    0.00
  L11    41,186,623,488     0.029     0.248     0.000  |   0.00    0.01    0.02    0.08    0.49    4.24   42.96   51.91    0.25    0.00    0.00    0.00    0.00
  AGG   494,239,481,856     0.373     0.598     0.001  |   0.00    0.29    0.64    1.57    4.32   12.89   42.63   36.70    0.60    0.00    0.00    0.00    0.00

Probe: ffn2_output (FFN2 output)
  Layer            Count  pct_zero     pct>1    pct>10  | magnitude bin percentages ...
  ------------------------------------------------------------
  L0     10,296,655,872     0.000    24.623     0.251  |   0.00    0.00    0.00    0.01    0.09    0.94    9.36   64.97   24.37    0.25    0.00    0.00    0.00
  L1     10,296,655,872     0.000     1.952     0.036  |   0.00    0.00    0.00    0.02    0.19    1.91   18.84   77.09    1.92    0.04    0.00    0.00    0.00
  L2     10,296,655,872     0.000     1.412     0.002  |   0.00    0.00    0.00    0.02    0.23    2.27   22.14   73.93    1.41    0.00    0.00    0.00    0.00
  L3     10,296,655,872     0.000     1.783     0.002  |   0.00    0.00    0.00    0.02    0.20    2.00   19.65   76.34    1.78    0.00    0.00    0.00    0.00
  L4     10,296,655,872     0.000     0.968     0.002  |   0.00    0.00    0.00    0.02    0.23    2.29   22.39   74.10    0.97    0.00    0.00    0.00    0.00
  L5     10,296,655,872     0.000     0.867     0.002  |   0.00    0.00    0.00    0.03    0.26    2.62   25.29   70.93    0.86    0.00    0.00    0.00    0.00
  L6     10,296,655,872     0.000     0.800     0.002  |   0.00    0.00    0.00    0.03    0.26    2.56   24.87   71.48    0.80    0.00    0.00    0.00    0.00
  L7     10,296,655,872     0.000     0.890     0.001  |   0.00    0.00    0.00    0.02    0.25    2.47   23.97   72.39    0.89    0.00    0.00    0.00    0.00
  L8     10,296,655,872     0.000     1.127     0.008  |   0.00    0.00    0.00    0.02    0.24    2.40   23.33   72.88    1.12    0.01    0.00    0.00    0.00
  L9     10,296,655,872     0.000     0.906     0.023  |   0.00    0.00    0.00    0.03    0.28    2.80   27.11   68.88    0.88    0.01    0.01    0.00    0.00
  L10    10,296,655,872     0.000     0.839     0.014  |   0.00    0.00    0.00    0.03    0.27    2.74   26.56   69.56    0.83    0.00    0.01    0.00    0.00
  L11    10,296,655,872     0.000     0.616     0.005  |   0.00    0.00    0.00    0.03    0.27    2.74   26.48   69.87    0.61    0.00    0.00    0.00    0.00
  AGG   123,559,870,464     0.000     3.065     0.029  |   0.00    0.00    0.00    0.02    0.23    2.31   22.50   71.87    3.04    0.03    0.00    0.00    0.00

Probe: post_ffn_ln (Post-FFN sub-block)
  Layer            Count  pct_zero     pct>1    pct>10  | magnitude bin percentages ...
  ------------------------------------------------------------
  L0     10,296,655,872     0.000     6.434     0.000  |   0.00    0.00    0.00    0.01    0.15    1.46   14.47   77.48    6.43    0.00    0.00    0.00    0.00
  L1     10,296,655,872     0.000     7.706     0.005  |   0.00    0.00    0.00    0.01    0.14    1.42   14.01   76.71    7.70    0.00    0.00    0.00    0.00
  L2     10,296,655,872     0.000     6.630     0.004  |   0.00    0.00    0.00    0.02    0.16    1.61   15.75   75.84    6.63    0.00    0.00    0.00    0.00
  L3     10,296,655,872     0.000     7.726     0.093  |   0.00    0.00    0.00    0.02    0.16    1.60   14.68   75.82    7.63    0.09    0.00    0.00    0.00
  L4     10,296,655,872     0.000     7.689     0.099  |   0.00    0.00    0.00    0.02    0.17    1.68   14.78   75.66    7.59    0.10    0.00    0.00    0.00
  L5     10,296,655,872     0.000     9.285     0.097  |   0.00    0.00    0.00    0.02    0.15    1.51   13.60   75.44    9.19    0.10    0.00    0.00    0.00
  L6     10,296,655,872     0.000    10.514     0.089  |   0.00    0.00    0.00    0.01    0.14    1.40   12.96   74.96   10.42    0.09    0.00    0.00    0.00
  L7     10,296,655,872     0.000    11.733     0.084  |   0.00    0.00    0.00    0.01    0.13    1.35   12.40   74.37   11.65    0.08    0.00    0.00    0.00
  L8     10,296,655,872     0.000    13.555     0.082  |   0.00    0.00    0.00    0.01    0.12    1.24   11.80   73.27   13.47    0.08    0.00    0.00    0.00
  L9     10,296,655,872     0.000    13.497     0.091  |   0.00    0.00    0.00    0.01    0.14    1.39   12.46   72.49   13.41    0.09    0.00    0.00    0.00
  L10    10,296,655,872     0.000    13.156     0.110  |   0.00    0.00    0.00    0.02    0.16    1.62   12.58   72.46   13.05    0.11    0.00    0.00    0.00
  L11    10,296,655,872     0.000     1.818     0.001  |   0.00    0.00    0.00    0.02    0.21    2.07   20.33   75.55    1.82    0.00    0.00    0.00    0.00
  AGG   123,559,870,464     0.000     9.145     0.063  |   0.00    0.00    0.00    0.02    0.15    1.53   14.15   75.00    9.08    0.06    0.00    0.00    0.00

Probe: ln1_input (LN₁ input (pre-norm))
  Layer            Count  pct_zero     pct>1    pct>10  | magnitude bin percentages ...
  ------------------------------------------------------------

Probe: ln1_output (LN₁ output (pre-norm))
  Layer            Count  pct_zero     pct>1    pct>10  | magnitude bin percentages ...
  ------------------------------------------------------------

Probe: ln2_input (LN₂ input (pre-norm))
  Layer            Count  pct_zero     pct>1    pct>10  | magnitude bin percentages ...
  ------------------------------------------------------------

Probe: ln2_output (LN₂ output (pre-norm))
  Layer            Count  pct_zero     pct>1    pct>10  | magnitude bin percentages ...
  ------------------------------------------------------------
