Model: textattack/bert-base-uncased-QNLI  Arch: bert  Layers: 12

Probe: input_ids (Input IDs)  [global]
  Layer            Count        Mean         Std         Min         Max      AccumMax
  ----------------------------------------------------------------------------------
  All     13,407,104   1614.1922   3847.9205      0.0000  30511.0000             —

Probe: after_embed (After Embedding)  [global]
  Layer            Count        Mean         Std         Min         Max      AccumMax
  ----------------------------------------------------------------------------------
  All 10,296,655,872     -0.0365      0.4960    -11.1379      4.2502             —

Probe: query_proj (XW_q + b_q)
  Layer            Count        Mean         Std         Min         Max      AccumMax
  ----------------------------------------------------------------------------------
  L0     10,296,655,872      0.0050      0.9754     -7.6910      6.8022       20.8444
  L1     10,296,655,872      0.0421      1.0133     -8.4032      8.6962       22.2370
  L2     10,296,655,872      0.0446      1.2348    -14.4351     12.5168       36.7000
  L3     10,296,655,872     -0.0176      1.0532     -9.2689      8.9345       26.3333
  L4     10,296,655,872      0.0196      1.1055     -8.8352      9.2858       22.0140
  L5     10,296,655,872     -0.0497      1.2377     -9.6414      8.9543       23.5123
  L6     10,296,655,872     -0.0328      1.2471    -10.4103      8.7774       23.0679
  L7     10,296,655,872     -0.0229      1.3000    -10.4092      9.7945       24.0046
  L8     10,296,655,872     -0.0316      1.2431    -10.8132      8.7828       23.1694
  L9     10,296,655,872      0.0034      1.2532    -10.0075      9.1155       23.2627
  L10    10,296,655,872     -0.0165      1.2308    -12.1763      9.8093       23.1052
  L11    10,296,655,872      0.0781      1.2542     -9.5680      8.7904       22.5855

Probe: key_proj (XW_k + b_k)
  Layer            Count        Mean         Std         Min         Max      AccumMax
  ----------------------------------------------------------------------------------
  L0     10,296,655,872     -0.0220      1.0684     -7.0879      8.6748       21.3958
  L1     10,296,655,872     -0.0198      1.0433     -8.2527      8.0415       22.5020
  L2     10,296,655,872      0.0299      1.1797    -12.3233     11.6878       35.0863
  L3     10,296,655,872     -0.0041      1.0738     -8.1002      7.7949       26.5761
  L4     10,296,655,872      0.0182      1.0840     -9.4926      9.2115       21.8846
  L5     10,296,655,872      0.0151      1.2474     -9.0572      9.4722       23.5796
  L6     10,296,655,872      0.0124      1.2722     -9.3875      9.4975       22.6006
  L7     10,296,655,872      0.0067      1.3134     -9.2132     10.7555       23.5949
  L8     10,296,655,872      0.0030      1.2173     -9.5363      9.8640       23.1713
  L9     10,296,655,872     -0.0010      1.1753     -9.4068      9.1905       23.1601
  L10    10,296,655,872      0.0300      1.2561     -9.8980      9.7551       22.2693
  L11    10,296,655,872      0.0003      1.2036    -11.6811     13.0689       22.1702

Probe: value_proj (XW_v + b_v)
  Layer            Count        Mean         Std         Min         Max      AccumMax
  ----------------------------------------------------------------------------------
  L0     10,296,655,872      0.0136      0.4448     -3.9236      3.6536       13.6487
  L1     10,296,655,872     -0.0205      0.5322     -7.2880      6.6752       18.7847
  L2     10,296,655,872      0.0022      0.5562     -5.4292      5.5911       18.1518
  L3     10,296,655,872     -0.0117      0.5871     -5.8356      6.0189       19.4488
  L4     10,296,655,872      0.0198      0.6533     -6.2569      6.0490       19.4156
  L5     10,296,655,872     -0.0111      0.6150     -6.9260      6.8848       19.0145
  L6     10,296,655,872     -0.0048      0.6302     -6.1170      5.6746       18.5388
  L7     10,296,655,872      0.0032      0.5711     -5.6303      5.5706       16.6448
  L8     10,296,655,872     -0.0143      0.6841     -5.9523      6.0448       17.9648
  L9     10,296,655,872      0.0013      0.6921     -6.3706      7.0617       18.4453
  L10    10,296,655,872      0.0081      0.6798    -14.4429     11.0097       19.5450
  L11    10,296,655,872      0.0062      0.7419     -9.2048     11.8203       20.0929

Probe: qkt_raw (QKᵀ (raw))
  Layer            Count        Mean         Std         Min         Max      AccumMax
  ----------------------------------------------------------------------------------
  L0     20,593,311,744      0.2805     19.2524    -99.1888    120.5769      143.3214
  L1     20,593,311,744     -3.3524     15.4932   -166.7180    152.6949      230.6222
  L2     20,593,311,744      0.7757     28.7119   -484.6516    516.7158      697.3578
  L3     20,593,311,744      4.3004     17.6189   -165.0658    180.2164      234.8075
  L4     20,593,311,744     -1.4225     16.9680   -137.5908    150.5667      225.3351
  L5     20,593,311,744     -4.3589     21.0404   -204.1886    161.5956      269.7792
  L6     20,593,311,744     -1.4048     22.3184   -197.1236    151.6487      267.4735
  L7     20,593,311,744     -4.8756     22.6830   -209.8189    158.5929      271.0283
  L8     20,593,311,744      3.6272     20.4444   -188.4266    192.9083      240.0792
  L9     20,593,311,744      2.9366     18.9002   -174.9624    151.1327      259.3182
  L10    20,593,311,744    -15.7806     20.8131   -212.5214    187.6287      314.5871
  L11    20,593,311,744    -11.6680     20.5508   -176.3564    141.3883      242.4658

Probe: attn_scores (QKᵀ/√dₖ + mask)
  Layer            Count        Mean         Std         Min         Max      AccumMax
  ----------------------------------------------------------------------------------
  L0     20,593,311,744-208917932995256906815282461008833019904.0000165663459361097685983213110159648751616.0000-340282346638528859811704183484516925440.0000     15.0721             —
  L1     20,593,311,744-208917932995256906815282461008833019904.0000165663459361097685983213110159648751616.0000-340282346638528859811704183484516925440.0000     19.0869             —
  L2     20,593,311,744-208917932995256906815282461008833019904.0000165663459361097685983213110159648751616.0000-340282346638528859811704183484516925440.0000     45.6816             —
  L3     20,593,311,744-208917932995256906815282461008833019904.0000165663459361097685983213110159648751616.0000-340282346638528859811704183484516925440.0000     22.5271             —
  L4     20,593,311,744-208917932995256906815282461008833019904.0000165663459361097685983213110159648751616.0000-340282346638528859811704183484516925440.0000     18.8208             —
  L5     20,593,311,744-208917932995256906815282461008833019904.0000165663459361097685983213110159648751616.0000-340282346638528859811704183484516925440.0000     20.1995             —
  L6     20,593,311,744-208917932995256906815282461008833019904.0000165663459361097685983213110159648751616.0000-340282346638528859811704183484516925440.0000     18.9561             —
  L7     20,593,311,744-208917932995256906815282461008833019904.0000165663459361097685983213110159648751616.0000-340282346638528859811704183484516925440.0000     19.8241             —
  L8     20,593,311,744-208917932995256906815282461008833019904.0000165663459361097685983213110159648751616.0000-340282346638528859811704183484516925440.0000     24.1135             —
  L9     20,593,311,744-208917932995256906815282461008833019904.0000165663459361097685983213110159648751616.0000-340282346638528859811704183484516925440.0000     18.4944             —
  L10    20,593,311,744-208917932995256906815282461008833019904.0000165663459361097685983213110159648751616.0000-340282346638528859811704183484516925440.0000     23.4536             —
  L11    20,593,311,744-208917932995256906815282461008833019904.0000165663459361097685983213110159648751616.0000-340282346638528859811704183484516925440.0000     17.6735             —

Probe: attn_probs (Softmax(scores))
  Layer            Count        Mean         Std         Min         Max      AccumMax
  ----------------------------------------------------------------------------------
  L0     20,593,311,744      0.0078      0.0464      0.0000      1.0000             —
  L1     20,593,311,744      0.0078      0.0433      0.0000      1.0000             —
  L2     20,593,311,744      0.0078      0.0442      0.0000      1.0000             —
  L3     20,593,311,744      0.0078      0.0364      0.0000      1.0000             —
  L4     20,593,311,744      0.0078      0.0365      0.0000      0.9999             —
  L5     20,593,311,744      0.0078      0.0459      0.0000      1.0000             —
  L6     20,593,311,744      0.0078      0.0435      0.0000      1.0000             —
  L7     20,593,311,744      0.0078      0.0484      0.0000      1.0000             —
  L8     20,593,311,744      0.0078      0.0417      0.0000      0.9999             —
  L9     20,593,311,744      0.0078      0.0425      0.0000      0.9999             —
  L10    20,593,311,744      0.0078      0.0420      0.0000      1.0000             —
  L11    20,593,311,744      0.0078      0.0360      0.0000      1.0000             —

Probe: attn_context (Softmax × V)
  Layer            Count        Mean         Std         Min         Max      AccumMax
  ----------------------------------------------------------------------------------
  L0     10,296,655,872     -0.0009      0.1873     -3.2799      3.4636        3.4730
  L1     10,296,655,872     -0.0018      0.2124     -4.0564      4.1170        4.2299
  L2     10,296,655,872      0.0057      0.2565     -4.1377      4.2737        4.2789
  L3     10,296,655,872     -0.0023      0.2414     -4.2877      4.8252        4.8311
  L4     10,296,655,872     -0.0003      0.2504     -4.8724      5.0205        5.0208
  L5     10,296,655,872     -0.0021      0.2386     -4.7768      4.7503        4.7813
  L6     10,296,655,872     -0.0024      0.2709     -5.1567      5.3928        5.3959
  L7     10,296,655,872     -0.0052      0.2397     -4.1518      4.7438        4.7924
  L8     10,296,655,872     -0.0051      0.3120     -5.3170      4.8415        5.3519
  L9     10,296,655,872      0.0007      0.2756     -4.7667      5.2795        5.3246
  L10    10,296,655,872      0.0049      0.2501     -7.1630      7.6081        7.6087
  L11    10,296,655,872      0.0025      0.3000     -7.2639      8.9961        9.0828

Probe: attn_output (Attn × Wₒ)
  Layer            Count        Mean         Std         Min         Max      AccumMax
  ----------------------------------------------------------------------------------
  L0     10,296,655,872     -0.0013      0.2172     -6.2615      5.4523       16.4985
  L1     10,296,655,872     -0.0007      0.1981     -4.0803      3.7782       13.3091
  L2     10,296,655,872      0.0004      0.2048     -3.3261      3.7244       13.8198
  L3     10,296,655,872      0.0006      0.2081     -3.5401      3.2787       14.0857
  L4     10,296,655,872      0.0017      0.2483     -3.8643      4.1702       15.2632
  L5     10,296,655,872     -0.0012      0.2325     -4.7050      4.0995       17.3002
  L6     10,296,655,872     -0.0006      0.2585     -4.0009      3.7569       17.3225
  L7     10,296,655,872      0.0007      0.2270     -4.0179      3.2151       19.5477
  L8     10,296,655,872     -0.0008      0.2876     -6.2190      7.7720       27.1442
  L9     10,296,655,872      0.0005      0.2599     -5.4130      5.8222       26.4211
  L10    10,296,655,872     -0.0008      0.2372     -3.4452      3.1919       18.4678
  L11    10,296,655,872     -0.0021      0.3071     -5.1015      4.4765       21.2644

Probe: post_attn_ln (Post-Attn sub-block)
  Layer            Count        Mean         Std         Min         Max      AccumMax
  ----------------------------------------------------------------------------------
  L0     10,296,655,872     -0.0199      1.1429    -68.1193      9.9539             —
  L1     10,296,655,872     -0.0402      1.3197    -71.5473      7.0193             —
  L2     10,296,655,872     -0.0397      1.4033    -58.2280      6.2000             —
  L3     10,296,655,872     -0.0282      1.3110    -94.8922      6.0413             —
  L4     10,296,655,872     -0.0360      1.3025   -102.8860      6.4426             —
  L5     10,296,655,872     -0.0305      1.1590    -93.2240      7.0275             —
  L6     10,296,655,872     -0.0316      1.1031    -91.7413      6.8719             —
  L7     10,296,655,872     -0.0371      1.0392    -90.2887      7.5409             —
  L8     10,296,655,872     -0.0351      1.0103    -87.1105      7.3943             —
  L9     10,296,655,872     -0.0311      0.8877    -59.3868     18.3447             —
  L10    10,296,655,872     -0.0214      0.9038    -61.7033     22.5364             —
  L11    10,296,655,872     -0.0523      1.2901    -41.8626     15.3155             —

Probe: gelu_input (FFN1 (GELU in))
  Layer            Count        Mean         Std         Min         Max      AccumMax
  ----------------------------------------------------------------------------------
  L0     41,186,623,488     -2.2840      1.6011    -18.8118     14.4305       46.2164
  L1     41,186,623,488     -2.0345      1.2398    -22.3673     12.4850       46.1975
  L2     41,186,623,488     -2.1251      1.2391    -27.3751     69.1203      103.5610
  L3     41,186,623,488     -1.9806      1.2568    -60.4214     10.3284       86.9430
  L4     41,186,623,488     -1.8775      1.2136    -61.4669     11.8536       80.0424
  L5     41,186,623,488     -1.7652      1.1454    -49.4693     12.2026       57.1101
  L6     41,186,623,488     -1.7134      1.0978    -25.8580     11.3640       46.3434
  L7     41,186,623,488     -1.5556      1.0296    -22.4729     10.4002       49.2337
  L8     41,186,623,488     -1.4850      1.0077    -26.5881     28.2456       61.1003
  L9     41,186,623,488     -1.5615      1.0939    -53.2096    103.3255      119.6993
  L10    41,186,623,488     -1.3977      1.0035    -42.6729    152.4007      165.5080
  L11    41,186,623,488     -1.3594      0.7999    -23.4026     23.3726       42.7883

Probe: gelu_output (GELU output)
  Layer            Count        Mean         Std         Min         Max      AccumMax
  ----------------------------------------------------------------------------------
  L0     41,186,623,488      0.0103      0.3494     -0.1700     14.4305             —
  L1     41,186,623,488     -0.0284      0.2021     -0.1700     12.4850             —
  L2     41,186,623,488     -0.0306      0.2198     -0.1700     69.1203             —
  L3     41,186,623,488     -0.0332      0.1788     -0.1700     10.3284             —
  L4     41,186,623,488     -0.0360      0.1826     -0.1700     11.8536             —
  L5     41,186,623,488     -0.0461      0.1620     -0.1700     12.2026             —
  L6     41,186,623,488     -0.0452      0.1624     -0.1700     11.3640             —
  L7     41,186,623,488     -0.0531      0.1641     -0.1700     10.4002             —
  L8     41,186,623,488     -0.0550      0.1711     -0.1700     28.2456             —
  L9     41,186,623,488     -0.0629      0.2829     -0.1700    103.3255             —
  L10    41,186,623,488     -0.0695      0.4063     -0.1700    152.4007             —
  L11    41,186,623,488     -0.0803      0.1318     -0.1700     23.3726             —

Probe: ffn2_output (FFN2 output)
  Layer            Count        Mean         Std         Min         Max      AccumMax
  ----------------------------------------------------------------------------------
  L0     10,296,655,872     -0.0421      1.6699    -60.3152     23.7805       75.9786
  L1     10,296,655,872     -0.0067      0.5446    -38.7150      5.9720       50.3177
  L2     10,296,655,872     -0.0083      1.1808   -294.5803      5.6235      296.5767
  L3     10,296,655,872      0.0026      0.6125   -125.1823      5.0527      125.6872
  L4     10,296,655,872     -0.0009      0.5164    -92.9501      5.2599       93.9274
  L5     10,296,655,872     -0.0015      0.4446    -73.7982      5.4573       74.9460
  L6     10,296,655,872     -0.0008      0.3718    -43.7872      4.7091       47.2356
  L7     10,296,655,872     -0.0003      0.3416    -21.3781      4.5297       33.9498
  L8     10,296,655,872     -0.0029      0.5626   -171.0195     53.9534      196.9943
  L9     10,296,655,872     -0.0224      4.3391   -830.6109    579.7007      850.7770
  L10    10,296,655,872     -0.0414      5.7366  -1166.1027     39.1304     1185.8693
  L11    10,296,655,872     -0.0007      0.3243    -66.9492     21.5089       75.2102

Probe: post_ffn_ln (Post-FFN sub-block)
  Layer            Count        Mean         Std         Min         Max      AccumMax
  ----------------------------------------------------------------------------------
  L0     10,296,655,872     -0.0200      0.5558    -10.1089      3.9631             —
  L1     10,296,655,872     -0.0177      0.6401    -11.4131      4.8802             —
  L2     10,296,655,872     -0.0188      0.6207    -14.8077      5.4021             —
  L3     10,296,655,872     -0.0279      0.6858    -14.0983      5.2805             —
  L4     10,296,655,872     -0.0257      0.7131    -15.0569      6.3521             —
  L5     10,296,655,872     -0.0278      0.7502    -16.1615      6.6937             —
  L6     10,296,655,872     -0.0288      0.7621    -16.5181      6.4888             —
  L7     10,296,655,872     -0.0326      0.8202    -22.1157      7.1658             —
  L8     10,296,655,872     -0.0352      0.8678    -26.9924      9.7987             —
  L9     10,296,655,872     -0.0366      0.8901    -27.7658      9.6595             —
  L10    10,296,655,872     -0.0439      0.9562    -31.5361      9.7515             —
  L11    10,296,655,872     -0.0095      0.4399    -10.4438      5.1653             —

Probe: ln1_input (LN₁ input (pre-norm))
  Layer            Count        Mean         Std         Min         Max      AccumMax
  ----------------------------------------------------------------------------------

Probe: ln1_output (LN₁ output (pre-norm))
  Layer            Count        Mean         Std         Min         Max      AccumMax
  ----------------------------------------------------------------------------------

Probe: ln2_input (LN₂ input (pre-norm))
  Layer            Count        Mean         Std         Min         Max      AccumMax
  ----------------------------------------------------------------------------------

Probe: ln2_output (LN₂ output (pre-norm))
  Layer            Count        Mean         Std         Min         Max      AccumMax
  ----------------------------------------------------------------------------------
