Model: textattack/bert-base-uncased-SST-2  Arch: bert  Layers: 12
Magnitude bins: 13 bins from 1e-08 to 1e+05

Probe: input_ids (Input IDs)  [global]
  Layer            Count  pct_zero     pct>1    pct>10  | magnitude bin percentages ...
  ------------------------------------------------------------
  All      8,620,672    89.594    10.406    10.406  |   0.00    0.00    0.00    0.00    0.00    0.00    0.00    0.00    0.00    0.00    1.56    7.50    1.35

Probe: after_embed (After Embedding)  [global]
  Layer            Count  pct_zero     pct>1    pct>10  | magnitude bin percentages ...
  ------------------------------------------------------------
  All  6,620,676,096     0.000     3.873     0.001  |   0.00    0.00    0.00    0.02    0.19    1.82   18.35   75.75    3.87    0.00    0.00    0.00    0.00

Probe: query_proj (XW_q + b_q)
  Layer            Count  pct_zero     pct>1    pct>10  | magnitude bin percentages ...
  ------------------------------------------------------------
  L0      6,620,676,096     0.000    23.394     0.000  |   0.00    0.00    0.00    0.01    0.09    1.01    9.96   65.54   23.39    0.00    0.00    0.00    0.00
  L1      6,620,676,096     0.000    24.297     0.000  |   0.00    0.00    0.00    0.01    0.09    0.91    9.05   65.64   24.30    0.00    0.00    0.00    0.00
  L2      6,620,676,096     0.000    21.848     0.000  |   0.00    0.00    0.00    0.01    0.10    1.02   10.14   66.88   21.85    0.00    0.00    0.00    0.00
  L3      6,620,676,096     0.000    23.201     0.000  |   0.00    0.00    0.00    0.01    0.09    0.94    9.39   66.37   23.20    0.00    0.00    0.00    0.00
  L4      6,620,676,096     0.000    27.197     0.000  |   0.00    0.00    0.00    0.01    0.08    0.84    8.39   63.48   27.20    0.00    0.00    0.00    0.00
  L5      6,620,676,096     0.000    32.801     0.000  |   0.00    0.00    0.00    0.01    0.07    0.75    7.43   58.94   32.80    0.00    0.00    0.00    0.00
  L6      6,620,676,096     0.000    32.856     0.000  |   0.00    0.00    0.00    0.01    0.07    0.73    7.29   59.05   32.86    0.00    0.00    0.00    0.00
  L7      6,620,676,096     0.000    34.833     0.000  |   0.00    0.00    0.00    0.01    0.07    0.70    6.92   57.47   34.83    0.00    0.00    0.00    0.00
  L8      6,620,676,096     0.000    35.348     0.000  |   0.00    0.00    0.00    0.01    0.07    0.68    6.82   57.08   35.35    0.00    0.00    0.00    0.00
  L9      6,620,676,096     0.000    36.946     0.000  |   0.00    0.00    0.00    0.01    0.07    0.66    6.55   55.77   36.95    0.00    0.00    0.00    0.00
  L10     6,620,676,096     0.000    37.802     0.000  |   0.00    0.00    0.00    0.01    0.06    0.64    6.43   55.05   37.80    0.00    0.00    0.00    0.00
  L11     6,620,676,096     0.000    37.447     0.000  |   0.00    0.00    0.00    0.01    0.06    0.64    6.44   55.40   37.45    0.00    0.00    0.00    0.00
  AGG   79,448,113,152     0.000    30.664     0.000  |   0.00    0.00    0.00    0.01    0.08    0.79    7.90   60.55   30.66    0.00    0.00    0.00    0.00

Probe: key_proj (XW_k + b_k)
  Layer            Count  pct_zero     pct>1    pct>10  | magnitude bin percentages ...
  ------------------------------------------------------------
  L0      6,620,676,096     0.000    25.706     0.000  |   0.00    0.00    0.00    0.01    0.11    0.94    8.87   64.36   25.71    0.00    0.00    0.00    0.00
  L1      6,620,676,096     0.000    23.733     0.000  |   0.00    0.00    0.00    0.01    0.10    0.95    9.46   65.75   23.73    0.00    0.00    0.00    0.00
  L2      6,620,676,096     0.000    22.145     0.000  |   0.00    0.00    0.00    0.01    0.10    1.01   10.04   66.69   22.15    0.00    0.00    0.00    0.00
  L3      6,620,676,096     0.000    24.388     0.000  |   0.00    0.00    0.00    0.01    0.09    0.93    9.25   65.33   24.39    0.00    0.00    0.00    0.00
  L4      6,620,676,096     0.000    26.659     0.000  |   0.00    0.00    0.00    0.01    0.08    0.83    8.24   64.19   26.66    0.00    0.00    0.00    0.00
  L5      6,620,676,096     0.000    32.343     0.000  |   0.00    0.00    0.00    0.01    0.08    0.75    7.52   59.31   32.34    0.00    0.00    0.00    0.00
  L6      6,620,676,096     0.000    34.674     0.000  |   0.00    0.00    0.00    0.01    0.07    0.68    6.83   57.74   34.67    0.00    0.00    0.00    0.00
  L7      6,620,676,096     0.000    36.691     0.000  |   0.00    0.00    0.00    0.01    0.07    0.66    6.66   55.91   36.69    0.00    0.00    0.00    0.00
  L8      6,620,676,096     0.000    33.071     0.000  |   0.00    0.00    0.00    0.01    0.07    0.71    7.06   59.08   33.07    0.00    0.00    0.00    0.00
  L9      6,620,676,096     0.000    33.709     0.000  |   0.00    0.00    0.00    0.01    0.07    0.70    7.01   58.50   33.71    0.00    0.00    0.00    0.00
  L10     6,620,676,096     0.000    37.140     0.000  |   0.00    0.00    0.00    0.01    0.07    0.66    6.57   55.56   37.14    0.00    0.00    0.00    0.00
  L11     6,620,676,096     0.000    33.809     0.000  |   0.00    0.00    0.00    0.01    0.07    0.71    7.08   58.33   33.81    0.00    0.00    0.00    0.00
  AGG   79,448,113,152     0.000    30.339     0.000  |   0.00    0.00    0.00    0.01    0.08    0.79    7.88   60.90   30.34    0.00    0.00    0.00    0.00

Probe: value_proj (XW_v + b_v)
  Layer            Count  pct_zero     pct>1    pct>10  | magnitude bin percentages ...
  ------------------------------------------------------------
  L0      6,620,676,096     0.000     1.979     0.000  |   0.00    0.00    0.00    0.02    0.24    2.19   21.80   73.78    1.98    0.00    0.00    0.00    0.00
  L1      6,620,676,096     0.000     3.474     0.000  |   0.00    0.00    0.00    0.02    0.18    1.84   18.07   76.41    3.47    0.00    0.00    0.00    0.00
  L2      6,620,676,096     0.000     3.696     0.000  |   0.00    0.00    0.00    0.02    0.20    1.95   19.21   74.92    3.70    0.00    0.00    0.00    0.00
  L3      6,620,676,096     0.000     4.700     0.000  |   0.00    0.00    0.00    0.02    0.18    1.78   17.41   75.91    4.70    0.00    0.00    0.00    0.00
  L4      6,620,676,096     0.000     8.018     0.000  |   0.00    0.00    0.00    0.02    0.16    1.56   14.40   75.85    8.02    0.00    0.00    0.00    0.00
  L5      6,620,676,096     0.000     6.503     0.000  |   0.00    0.00    0.00    0.02    0.16    1.60   14.85   76.86    6.50    0.00    0.00    0.00    0.00
  L6      6,620,676,096     0.000     6.973     0.000  |   0.00    0.00    0.00    0.02    0.16    1.59   14.68   76.57    6.97    0.00    0.00    0.00    0.00
  L7      6,620,676,096     0.000     4.955     0.000  |   0.00    0.00    0.00    0.02    0.17    1.66   15.50   77.70    4.96    0.00    0.00    0.00    0.00
  L8      6,620,676,096     0.000    11.686     0.000  |   0.00    0.00    0.00    0.01    0.13    1.32   12.16   74.69   11.69    0.00    0.00    0.00    0.00
  L9      6,620,676,096     0.000    12.484     0.000  |   0.00    0.00    0.00    0.01    0.12    1.22   11.72   74.45   12.48    0.00    0.00    0.00    0.00
  L10     6,620,676,096     0.000    12.908     0.000  |   0.00    0.00    0.00    0.01    0.13    1.27   11.94   73.74   12.91    0.00    0.00    0.00    0.00
  L11     6,620,676,096     0.000    21.635     0.000  |   0.00    0.00    0.00    0.01    0.12    1.16    9.57   67.51   21.64    0.00    0.00    0.00    0.00
  AGG   79,448,113,152     0.000     8.251     0.000  |   0.00    0.00    0.00    0.02    0.16    1.60   15.11   74.87    8.25    0.00    0.00    0.00    0.00

Probe: qkt_raw (QKᵀ (raw))
  Layer            Count  pct_zero     pct>1    pct>10  | magnitude bin percentages ...
  ------------------------------------------------------------
  L0     13,241,352,192     0.000    95.204    62.058  |   0.00    0.00    0.00    0.00    0.00    0.04    0.46    4.29   33.15   62.06    0.00    0.00    0.00
  L1     13,241,352,192     0.000    89.638    35.064  |   0.00    0.00    0.00    0.00    0.01    0.09    0.95    9.31   54.57   35.06    0.00    0.00    0.00
  L2     13,241,352,192     0.000    92.726    37.574  |   0.00    0.00    0.00    0.00    0.01    0.07    0.66    6.54   55.15   36.30    1.28    0.00    0.00
  L3     13,241,352,192     0.000    95.794    50.061  |   0.00    0.00    0.00    0.00    0.00    0.04    0.38    3.79   45.73   50.06    0.00    0.00    0.00
  L4     13,241,352,192     0.000    94.266    48.571  |   0.00    0.00    0.00    0.00    0.01    0.05    0.52    5.16   45.69   48.57    0.00    0.00    0.00
  L5     13,241,352,192     0.000    95.005    56.660  |   0.00    0.00    0.00    0.00    0.00    0.05    0.45    4.49   38.35   56.66    0.01    0.00    0.00
  L6     13,241,352,192     0.000    94.632    54.633  |   0.00    0.00    0.00    0.00    0.00    0.05    0.48    4.83   40.00   54.62    0.01    0.00    0.00
  L7     13,241,352,192     0.000    95.057    55.334  |   0.00    0.00    0.00    0.00    0.00    0.04    0.45    4.45   39.72   55.33    0.00    0.00    0.00
  L8     13,241,352,192     0.000    94.526    49.418  |   0.00    0.00    0.00    0.00    0.00    0.05    0.49    4.93   45.11   49.42    0.00    0.00    0.00
  L9     13,241,352,192     0.000    96.453    65.419  |   0.00    0.00    0.00    0.00    0.00    0.03    0.32    3.19   31.03   65.42    0.00    0.00    0.00
  L10    13,241,352,192     0.000    96.275    62.254  |   0.00    0.00    0.00    0.00    0.00    0.03    0.34    3.35   34.02   62.08    0.18    0.00    0.00
  L11    13,241,352,192     0.000    94.289    47.458  |   0.00    0.00    0.00    0.00    0.01    0.05    0.51    5.14   46.83   47.46    0.00    0.00    0.00
  AGG   158,896,226,304     0.000    94.489    52.042  |   0.00    0.00    0.00    0.00    0.00    0.05    0.50    4.96   42.45   51.92    0.12    0.00    0.00

Probe: attn_scores (QKᵀ/√dₖ + mask)
  Layer            Count  pct_zero     pct>1    pct>10  | magnitude bin percentages ...
  ------------------------------------------------------------
  L0     13,241,352,192     0.000    94.567    89.594  |   0.00    0.00    0.00    0.00    0.01    0.06    0.57    4.80    4.97    0.00    0.00    0.00   89.59
  L1     13,241,352,192     0.000    93.716    89.601  |   0.00    0.00    0.00    0.00    0.01    0.07    0.74    5.46    4.12    0.01    0.00    0.00   89.59
  L2     13,241,352,192     0.000    94.137    89.774  |   0.00    0.00    0.00    0.00    0.01    0.07    0.72    5.07    4.36    0.18    0.00    0.00   89.59
  L3     13,241,352,192     0.000    94.928    89.602  |   0.00    0.00    0.00    0.00    0.01    0.05    0.52    4.50    5.33    0.01    0.00    0.00   89.59
  L4     13,241,352,192     0.000    95.472    89.595  |   0.00    0.00    0.00    0.00    0.00    0.04    0.42    4.06    5.88    0.00    0.00    0.00   89.59
  L5     13,241,352,192     0.000    97.017    89.603  |   0.00    0.00    0.00    0.00    0.00    0.03    0.29    2.67    7.41    0.01    0.00    0.00   89.59
  L6     13,241,352,192     0.000    96.179    89.601  |   0.00    0.00    0.00    0.00    0.00    0.04    0.38    3.40    6.58    0.01    0.00    0.00   89.59
  L7     13,241,352,192     0.000    96.697    89.596  |   0.00    0.00    0.00    0.00    0.00    0.03    0.31    2.95    7.10    0.00    0.00    0.00   89.59
  L8     13,241,352,192     0.000    95.662    89.596  |   0.00    0.00    0.00    0.00    0.00    0.04    0.42    3.87    6.07    0.00    0.00    0.00   89.59
  L9     13,241,352,192     0.000    97.110    89.599  |   0.00    0.00    0.00    0.00    0.00    0.03    0.27    2.59    7.51    0.00    0.00    0.00   89.59
  L10    13,241,352,192     0.000    96.883    89.646  |   0.00    0.00    0.00    0.00    0.00    0.03    0.28    2.81    7.24    0.05    0.00    0.00   89.59
  L11    13,241,352,192     0.000    95.862    89.594  |   0.00    0.00    0.00    0.00    0.00    0.04    0.38    3.71    6.27    0.00    0.00    0.00   89.59
  AGG   158,896,226,304     0.000    95.686    89.617  |   0.00    0.00    0.00    0.00    0.00    0.04    0.44    3.82    6.07    0.02    0.00    0.00   89.59

Probe: attn_probs (Softmax(scores))
  Layer            Count  pct_zero     pct>1    pct>10  | magnitude bin percentages ...
  ------------------------------------------------------------
  L0     13,241,352,192    89.594     0.000     0.000  |   0.01    0.06    0.29    0.67    0.87    1.70    5.26    1.55    0.00    0.00    0.00    0.00    0.00
  L1     13,241,352,192    89.594     0.000     0.000  |   0.00    0.02    0.09    0.25    0.60    2.25    5.59    1.59    0.00    0.00    0.00    0.00    0.00
  L2     13,241,352,192    89.594     0.000     0.000  |   0.49    0.19    0.20    0.20    0.35    1.87    5.56    1.56    0.00    0.00    0.00    0.00    0.00
  L3     13,241,352,192    89.594     0.000     0.000  |   0.00    0.01    0.06    0.26    1.05    2.77    4.23    2.01    0.00    0.00    0.00    0.00    0.00
  L4     13,241,352,192    89.594     0.000     0.000  |   0.00    0.00    0.04    0.22    0.96    3.06    4.58    1.55    0.00    0.00    0.00    0.00    0.00
  L5     13,241,352,192    89.594     0.000     0.000  |   0.01    0.05    0.23    0.98    2.39    3.18    2.49    1.07    0.00    0.00    0.00    0.00    0.00
  L6     13,241,352,192    89.594     0.000     0.000  |   0.00    0.02    0.14    0.63    1.73    3.30    3.23    1.35    0.00    0.00    0.00    0.00    0.00
  L7     13,241,352,192    89.594     0.000     0.000  |   0.00    0.02    0.14    0.71    2.08    3.39    2.67    1.40    0.00    0.00    0.00    0.00    0.00
  L8     13,241,352,192    89.594     0.000     0.000  |   0.00    0.00    0.04    0.30    1.20    3.32    3.98    1.56    0.00    0.00    0.00    0.00    0.00
  L9     13,241,352,192    89.594     0.000     0.000  |   0.00    0.00    0.02    0.14    0.85    2.95    4.41    2.03    0.00    0.00    0.00    0.00    0.00
  L10    13,241,352,192    89.594     0.000     0.000  |   0.00    0.01    0.03    0.12    0.75    3.06    4.50    1.93    0.00    0.00    0.00    0.00    0.00
  L11    13,241,352,192    89.594     0.000     0.000  |   0.00    0.00    0.00    0.01    0.27    2.25    5.71    2.16    0.00    0.00    0.00    0.00    0.00
  AGG   158,896,226,304    89.594     0.000     0.000  |   0.04    0.03    0.11    0.37    1.09    2.76    4.35    1.65    0.00    0.00    0.00    0.00    0.00

Probe: attn_context (Softmax × V)
  Layer            Count  pct_zero     pct>1    pct>10  | magnitude bin percentages ...
  ------------------------------------------------------------
  L0      6,620,676,096     0.000     0.164     0.000  |   0.00    0.00    0.00    0.04    0.45    4.31   44.40   50.64    0.16    0.00    0.00    0.00    0.00
  L1      6,620,676,096     0.000     0.208     0.000  |   0.00    0.00    0.00    0.05    0.47    4.67   41.73   52.87    0.21    0.00    0.00    0.00    0.00
  L2      6,620,676,096     0.000     0.427     0.000  |   0.00    0.00    0.01    0.05    0.54    5.39   47.11   46.47    0.43    0.00    0.00    0.00    0.00
  L3      6,620,676,096     0.000     0.324     0.000  |   0.00    0.00    0.01    0.06    0.59    5.88   49.41   43.73    0.32    0.00    0.00    0.00    0.00
  L4      6,620,676,096     0.000     0.270     0.000  |   0.00    0.00    0.01    0.07    0.65    6.48   47.48   45.04    0.27    0.00    0.00    0.00    0.00
  L5      6,620,676,096     0.000     0.233     0.000  |   0.00    0.00    0.01    0.12    1.22   12.08   62.66   23.67    0.23    0.00    0.00    0.00    0.00
  L6      6,620,676,096     0.000     0.461     0.000  |   0.00    0.00    0.01    0.07    0.73    7.25   48.89   42.58    0.46    0.00    0.00    0.00    0.00
  L7      6,620,676,096     0.000     0.689     0.000  |   0.00    0.00    0.01    0.08    0.78    7.73   49.17   41.56    0.69    0.00    0.00    0.00    0.00
  L8      6,620,676,096     0.000     1.300     0.000  |   0.00    0.00    0.01    0.06    0.56    5.52   40.32   52.24    1.30    0.00    0.00    0.00    0.00
  L9      6,620,676,096     0.000     2.172     0.000  |   0.00    0.00    0.00    0.03    0.32    3.15   27.88   66.45    2.17    0.00    0.00    0.00    0.00
  L10     6,620,676,096     0.000     3.686     0.000  |   0.00    0.00    0.00    0.04    0.38    3.74   31.25   60.90    3.69    0.00    0.00    0.00    0.00
  L11     6,620,676,096     0.000     5.650     0.000  |   0.00    0.00    0.00    0.03    0.27    2.72   23.14   68.19    5.65    0.00    0.00    0.00    0.00
  AGG   79,448,113,152     0.000     1.299     0.000  |   0.00    0.00    0.01    0.06    0.58    5.74   42.79   49.53    1.30    0.00    0.00    0.00    0.00

Probe: attn_output (Attn × Wₒ)
  Layer            Count  pct_zero     pct>1    pct>10  | magnitude bin percentages ...
  ------------------------------------------------------------
  L0      6,620,676,096     0.000     0.382     0.000  |   0.00    0.00    0.00    0.04    0.43    4.33   40.15   54.65    0.38    0.00    0.00    0.00    0.00
  L1      6,620,676,096     0.000     0.195     0.000  |   0.00    0.00    0.00    0.05    0.46    4.61   42.40   52.28    0.20    0.00    0.00    0.00    0.00
  L2      6,620,676,096     0.000     0.028     0.000  |   0.00    0.00    0.01    0.05    0.53    5.27   47.04   47.08    0.03    0.00    0.00    0.00    0.00
  L3      6,620,676,096     0.000     0.027     0.000  |   0.00    0.00    0.01    0.05    0.54    5.40   47.67   46.30    0.03    0.00    0.00    0.00    0.00
  L4      6,620,676,096     0.000     0.066     0.000  |   0.00    0.00    0.00    0.04    0.42    4.15   37.91   57.42    0.07    0.00    0.00    0.00    0.00
  L5      6,620,676,096     0.000     0.085     0.000  |   0.00    0.00    0.01    0.07    0.74    7.33   55.87   35.90    0.08    0.00    0.00    0.00    0.00
  L6      6,620,676,096     0.000     0.119     0.000  |   0.00    0.00    0.00    0.04    0.44    4.41   39.35   55.63    0.12    0.00    0.00    0.00    0.00
  L7      6,620,676,096     0.000     0.226     0.000  |   0.00    0.00    0.00    0.04    0.42    4.18   37.57   57.56    0.23    0.00    0.00    0.00    0.00
  L8      6,620,676,096     0.000     0.240     0.000  |   0.00    0.00    0.00    0.03    0.29    2.92   27.75   68.77    0.24    0.00    0.00    0.00    0.00
  L9      6,620,676,096     0.000     1.843     0.000  |   0.00    0.00    0.00    0.02    0.20    1.97   19.33   76.64    1.84    0.00    0.00    0.00    0.00
  L10     6,620,676,096     0.000     2.965     0.000  |   0.00    0.00    0.00    0.02    0.18    1.85   18.16   76.83    2.97    0.00    0.00    0.00    0.00
  L11     6,620,676,096     0.000     7.501     0.000  |   0.00    0.00    0.00    0.02    0.15    1.51   14.63   76.19    7.50    0.00    0.00    0.00    0.00
  AGG   79,448,113,152     0.000     1.140     0.000  |   0.00    0.00    0.00    0.04    0.40    3.99   35.65   58.77    1.14    0.00    0.00    0.00    0.00

Probe: post_attn_ln (Post-Attn sub-block)
  Layer            Count  pct_zero     pct>1    pct>10  | magnitude bin percentages ...
  ------------------------------------------------------------
  L0      6,620,676,096     0.000    26.473     0.010  |   0.00    0.00    0.00    0.01    0.08    0.81    8.08   64.55   26.46    0.01    0.00    0.00    0.00
  L1      6,620,676,096     0.000    20.933     0.128  |   0.00    0.00    0.00    0.01    0.09    0.89    8.84   69.25   20.81    0.13    0.00    0.00    0.00
  L2      6,620,676,096     0.000    15.238     0.129  |   0.00    0.00    0.00    0.01    0.10    1.04   10.37   73.23   15.11    0.13    0.00    0.00    0.00
  L3      6,620,676,096     0.000    13.964     0.128  |   0.00    0.00    0.00    0.01    0.11    1.11   11.06   73.74   13.84    0.13    0.00    0.00    0.00
  L4      6,620,676,096     0.000    12.737     0.128  |   0.00    0.00    0.00    0.01    0.12    1.16   11.49   74.48   12.61    0.13    0.00    0.00    0.00
  L5      6,620,676,096     0.000    12.350     0.127  |   0.00    0.00    0.00    0.01    0.12    1.18   11.69   74.65   12.22    0.13    0.00    0.00    0.00
  L6      6,620,676,096     0.000    12.378     0.130  |   0.00    0.00    0.00    0.01    0.12    1.17   11.59   74.73   12.25    0.13    0.00    0.00    0.00
  L7      6,620,676,096     0.000    13.235     0.207  |   0.00    0.00    0.00    0.01    0.11    1.14   11.33   74.17   13.03    0.21    0.00    0.00    0.00
  L8      6,620,676,096     0.000    13.366     0.199  |   0.00    0.00    0.00    0.01    0.11    1.12   11.16   74.23   13.17    0.20    0.00    0.00    0.00
  L9      6,620,676,096     0.000    13.972     0.127  |   0.00    0.00    0.00    0.01    0.11    1.08   10.71   74.12   13.84    0.13    0.00    0.00    0.00
  L10     6,620,676,096     0.000    16.662     0.069  |   0.00    0.00    0.00    0.01    0.10    1.01   10.06   72.15   16.59    0.07    0.00    0.00    0.00
  L11     6,620,676,096     0.000    19.462     0.125  |   0.00    0.00    0.00    0.01    0.09    0.95    9.43   70.05   19.34    0.12    0.00    0.00    0.00
  AGG   79,448,113,152     0.000    15.897     0.125  |   0.00    0.00    0.00    0.01    0.11    1.05   10.48   72.45   15.77    0.13    0.00    0.00    0.00

Probe: gelu_input (FFN1 (GELU in))
  Layer            Count  pct_zero     pct>1    pct>10  | magnitude bin percentages ...
  ------------------------------------------------------------
  L0     26,482,704,384     0.000    85.243     0.107  |   0.00    0.00    0.00    0.00    0.01    0.13    1.28   13.33   85.14    0.11    0.00    0.00    0.00
  L1     26,482,704,384     0.000    79.723     0.022  |   0.00    0.00    0.00    0.00    0.01    0.15    1.49   18.62   79.70    0.02    0.00    0.00    0.00
  L2     26,482,704,384     0.000    82.691     0.032  |   0.00    0.00    0.00    0.00    0.01    0.14    1.37   15.79   82.66    0.03    0.00    0.00    0.00
  L3     26,482,704,384     0.000    76.947     0.042  |   0.00    0.00    0.00    0.00    0.02    0.19    1.88   20.96   76.90    0.04    0.00    0.00    0.00
  L4     26,482,704,384     0.000    74.757     0.033  |   0.00    0.00    0.00    0.00    0.02    0.20    2.00   23.02   74.72    0.03    0.00    0.00    0.00
  L5     26,482,704,384     0.000    76.200     0.008  |   0.00    0.00    0.00    0.00    0.02    0.17    1.72   21.89   76.19    0.01    0.00    0.00    0.00
  L6     26,482,704,384     0.000    75.390     0.001  |   0.00    0.00    0.00    0.00    0.02    0.19    1.87   22.53   75.39    0.00    0.00    0.00    0.00
  L7     26,482,704,384     0.000    67.687     0.005  |   0.00    0.00    0.00    0.00    0.02    0.25    2.47   29.57   67.68    0.01    0.00    0.00    0.00
  L8     26,482,704,384     0.000    66.663     0.003  |   0.00    0.00    0.00    0.00    0.03    0.25    2.52   30.54   66.66    0.00    0.00    0.00    0.00
  L9     26,482,704,384     0.000    63.498     0.068  |   0.00    0.00    0.00    0.00    0.03    0.28    2.82   33.37   63.43    0.07    0.00    0.00    0.00
  L10    26,482,704,384     0.000    62.655     0.025  |   0.00    0.00    0.00    0.00    0.03    0.29    2.92   34.11   62.63    0.02    0.00    0.00    0.00
  L11    26,482,704,384     0.000    55.096     0.019  |   0.00    0.00    0.00    0.00    0.04    0.38    3.79   40.69   55.08    0.02    0.00    0.00    0.00
  AGG   317,792,452,608     0.000    72.212     0.030  |   0.00    0.00    0.00    0.00    0.02    0.22    2.18   25.37   72.18    0.03    0.00    0.00    0.00

Probe: gelu_output (GELU output)
  Layer            Count  pct_zero     pct>1    pct>10  | magnitude bin percentages ...
  ------------------------------------------------------------
  L0     26,482,704,384     2.372     1.649     0.000  |   0.00    1.93    3.56    6.65   11.89   19.40   31.95   20.59    1.65    0.00    0.00    0.00    0.00
  L1     26,482,704,384     0.290     1.029     0.000  |   0.00    0.13    0.34    1.41    5.53   16.71   43.18   31.38    1.03    0.00    0.00    0.00    0.00
  L2     26,482,704,384     0.161     0.529     0.001  |   0.00    0.26    0.81    2.45    7.02   17.97   43.44   27.35    0.53    0.00    0.00    0.00    0.00
  L3     26,482,704,384     0.341     0.619     0.000  |   0.00    0.16    0.37    1.20    4.35   15.30   44.08   33.56    0.62    0.00    0.00    0.00    0.00
  L4     26,482,704,384     0.297     0.714     0.000  |   0.00    0.12    0.27    0.79    3.10   13.02   44.70   36.98    0.71    0.00    0.00    0.00    0.00
  L5     26,482,704,384     0.235     0.368     0.000  |   0.00    0.16    0.31    0.76    2.60   11.36   46.42   37.79    0.37    0.00    0.00    0.00    0.00
  L6     26,482,704,384     0.112     0.387     0.000  |   0.00    0.09    0.21    0.66    2.56   11.43   46.60   37.95    0.39    0.00    0.00    0.00    0.00
  L7     26,482,704,384     0.069     0.448     0.000  |   0.00    0.05    0.12    0.37    1.52    7.55   42.64   47.24    0.45    0.00    0.00    0.00    0.00
  L8     26,482,704,384     0.045     0.461     0.000  |   0.00    0.02    0.06    0.23    1.16    6.74   42.42   48.86    0.46    0.00    0.00    0.00    0.00
  L9     26,482,704,384     0.116     0.682     0.001  |   0.00    0.02    0.04    0.16    0.85    5.64   40.76   51.72    0.68    0.00    0.00    0.00    0.00
  L10    26,482,704,384     0.033     0.853     0.001  |   0.00    0.00    0.02    0.10    0.69    5.33   40.58   52.39    0.85    0.00    0.00    0.00    0.00
  L11    26,482,704,384     0.052     1.251     0.000  |   0.00    0.02    0.03    0.08    0.48    4.02   36.53   57.55    1.25    0.00    0.00    0.00    0.00
  AGG   317,792,452,608     0.344     0.749     0.000  |   0.00    0.25    0.51    1.24    3.48   11.21   41.94   40.28    0.75    0.00    0.00    0.00    0.00

Probe: ffn2_output (FFN2 output)
  Layer            Count  pct_zero     pct>1    pct>10  | magnitude bin percentages ...
  ------------------------------------------------------------
  L0      6,620,676,096     0.000    31.357     0.387  |   0.00    0.00    0.00    0.01    0.08    0.78    7.72   60.06   30.97    0.39    0.00    0.00    0.00
  L1      6,620,676,096     0.000     3.609     0.205  |   0.00    0.00    0.00    0.02    0.17    1.65   16.35   78.21    3.40    0.21    0.00    0.00    0.00
  L2      6,620,676,096     0.000     1.689     0.001  |   0.00    0.00    0.00    0.02    0.21    2.11   20.77   75.19    1.69    0.00    0.00    0.00    0.00
  L3      6,620,676,096     0.000     1.966     0.001  |   0.00    0.00    0.00    0.02    0.20    1.95   19.15   76.72    1.97    0.00    0.00    0.00    0.00
  L4      6,620,676,096     0.000     1.026     0.001  |   0.00    0.00    0.00    0.02    0.22    2.16   21.14   75.43    1.02    0.00    0.00    0.00    0.00
  L5      6,620,676,096     0.000     0.413     0.001  |   0.00    0.00    0.00    0.03    0.29    2.87   27.65   68.74    0.41    0.00    0.00    0.00    0.00
  L6      6,620,676,096     0.000     0.436     0.001  |   0.00    0.00    0.00    0.03    0.28    2.80   27.11   69.33    0.44    0.00    0.00    0.00    0.00
  L7      6,620,676,096     0.000     0.946     0.001  |   0.00    0.00    0.00    0.02    0.24    2.38   23.10   73.31    0.95    0.00    0.00    0.00    0.00
  L8      6,620,676,096     0.000     0.728     0.002  |   0.00    0.00    0.00    0.02    0.23    2.32   22.71   73.98    0.73    0.00    0.00    0.00    0.00
  L9      6,620,676,096     0.000     2.049     0.009  |   0.00    0.00    0.00    0.02    0.19    1.90   18.68   77.17    2.04    0.00    0.00    0.00    0.00
  L10     6,620,676,096     0.000     2.138     0.006  |   0.00    0.00    0.00    0.02    0.19    1.90   18.74   77.01    2.13    0.00    0.00    0.00    0.00
  L11     6,620,676,096     0.000     4.970     0.001  |   0.00    0.00    0.00    0.02    0.16    1.60   15.80   77.45    4.97    0.00    0.00    0.00    0.00
  AGG   79,448,113,152     0.000     4.277     0.051  |   0.00    0.00    0.00    0.02    0.20    2.04   19.91   73.55    4.23    0.05    0.00    0.00    0.00

Probe: post_ffn_ln (Post-FFN sub-block)
  Layer            Count  pct_zero     pct>1    pct>10  | magnitude bin percentages ...
  ------------------------------------------------------------
  L0      6,620,676,096     0.000     3.768     0.000  |   0.00    0.00    0.00    0.02    0.16    1.63   16.12   78.30    3.77    0.00    0.00    0.00    0.00
  L1      6,620,676,096     0.000     2.960     0.002  |   0.00    0.00    0.00    0.02    0.18    1.78   17.52   77.55    2.96    0.00    0.00    0.00    0.00
  L2      6,620,676,096     0.000     2.822     0.012  |   0.00    0.00    0.00    0.02    0.18    1.84   18.08   77.05    2.81    0.01    0.00    0.00    0.00
  L3      6,620,676,096     0.000     4.391     0.121  |   0.00    0.00    0.00    0.02    0.17    1.67   15.96   77.79    4.27    0.12    0.00    0.00    0.00
  L4      6,620,676,096     0.000     4.699     0.121  |   0.00    0.00    0.00    0.02    0.17    1.65   15.57   77.89    4.58    0.12    0.00    0.00    0.00
  L5      6,620,676,096     0.000     6.309     0.120  |   0.00    0.00    0.00    0.01    0.15    1.50   14.30   77.72    6.19    0.12    0.00    0.00    0.00
  L6      6,620,676,096     0.000     7.771     0.117  |   0.00    0.00    0.00    0.01    0.14    1.43   13.59   77.06    7.65    0.12    0.00    0.00    0.00
  L7      6,620,676,096     0.000    10.493     0.114  |   0.00    0.00    0.00    0.01    0.13    1.31   12.35   75.71   10.38    0.11    0.00    0.00    0.00
  L8      6,620,676,096     0.000    12.410     0.113  |   0.00    0.00    0.00    0.01    0.12    1.20   11.65   74.61   12.30    0.11    0.00    0.00    0.00
  L9      6,620,676,096     0.000    13.846     0.113  |   0.00    0.00    0.00    0.01    0.12    1.18   11.34   73.50   13.73    0.11    0.00    0.00    0.00
  L10     6,620,676,096     0.000    16.099     0.114  |   0.00    0.00    0.00    0.01    0.12    1.23   10.79   71.74   15.98    0.11    0.00    0.00    0.00
  L11     6,620,676,096     0.000     5.022     0.000  |   0.00    0.00    0.00    0.01    0.15    1.48   14.70   78.63    5.02    0.00    0.00    0.00    0.00
  AGG   79,448,113,152     0.000     7.549     0.079  |   0.00    0.00    0.00    0.01    0.15    1.49   14.33   76.46    7.47    0.08    0.00    0.00    0.00

Probe: ln1_input (LN₁ input (pre-norm))
  Layer            Count  pct_zero     pct>1    pct>10  | magnitude bin percentages ...
  ------------------------------------------------------------

Probe: ln1_output (LN₁ output (pre-norm))
  Layer            Count  pct_zero     pct>1    pct>10  | magnitude bin percentages ...
  ------------------------------------------------------------

Probe: ln2_input (LN₂ input (pre-norm))
  Layer            Count  pct_zero     pct>1    pct>10  | magnitude bin percentages ...
  ------------------------------------------------------------

Probe: ln2_output (LN₂ output (pre-norm))
  Layer            Count  pct_zero     pct>1    pct>10  | magnitude bin percentages ...
  ------------------------------------------------------------
