Model: textattack/bert-base-uncased-MRPC  Arch: bert  Layers: 12

Probe: input_ids (Input IDs)  [global]
  Layer            Count        Mean         Std         Min         Max
  ----------------------------------------------------------------------
  All        469,504   1670.9613   3783.9030      0.0000  29597.0000

Probe: after_embed (After Embedding)  [global]
  Layer            Count        Mean         Std         Min         Max
  ----------------------------------------------------------------------
  All    360,579,072     -0.0340      0.5005    -11.1365      4.2433

Probe: query_proj (XW_q + b_q)
  Layer            Count        Mean         Std         Min         Max
  ----------------------------------------------------------------------
  L0        360,579,072      0.0033      0.9782     -7.5969      6.5940
  L1        360,579,072      0.0425      1.0114     -7.3780      8.2101
  L2        360,579,072      0.0430      1.2099    -13.1127     11.3401
  L3        360,579,072     -0.0145      1.0629     -8.4776      9.3902
  L4        360,579,072      0.0136      1.1102     -8.4467      9.9411
  L5        360,579,072     -0.0453      1.2435     -8.3096      8.2261
  L6        360,579,072     -0.0528      1.2936     -8.7890      8.3509
  L7        360,579,072     -0.0336      1.3294     -9.2946      9.5056
  L8        360,579,072     -0.0595      1.2791     -8.4302      7.9113
  L9        360,579,072     -0.0151      1.3524    -10.4862      8.6743
  L10       360,579,072     -0.0256      1.2385    -11.8788      9.0063
  L11       360,579,072      0.0512      1.3117     -8.5178      7.6678

Probe: key_proj (XW_k + b_k)
  Layer            Count        Mean         Std         Min         Max
  ----------------------------------------------------------------------
  L0        360,579,072     -0.0224      1.0735     -6.6170      8.6880
  L1        360,579,072     -0.0176      1.0652     -7.0783      7.0206
  L2        360,579,072      0.0305      1.1432     -9.7785     10.5494
  L3        360,579,072     -0.0054      1.0656     -7.0721      6.9776
  L4        360,579,072      0.0098      1.0757     -8.1218      8.1186
  L5        360,579,072      0.0295      1.2636     -7.3286      9.0322
  L6        360,579,072      0.0130      1.2855     -7.9344      8.1219
  L7        360,579,072      0.0061      1.3400     -8.3918      8.3676
  L8        360,579,072      0.0059      1.2577     -7.8384      9.0570
  L9        360,579,072      0.0113      1.3220     -8.8642      9.3768
  L10       360,579,072     -0.0045      1.3873    -10.1975      9.2845
  L11       360,579,072     -0.0554      1.3478    -12.9415     14.1866

Probe: value_proj (XW_v + b_v)
  Layer            Count        Mean         Std         Min         Max
  ----------------------------------------------------------------------
  L0        360,579,072      0.0106      0.4501     -3.9102      3.5688
  L1        360,579,072     -0.0191      0.5433     -6.0854      5.9185
  L2        360,579,072      0.0025      0.5553     -5.3846      5.0648
  L3        360,579,072      0.0029      0.5864     -5.0534      5.1903
  L4        360,579,072      0.0128      0.6581     -5.6107      6.0102
  L5        360,579,072     -0.0137      0.6445     -6.3328      6.6230
  L6        360,579,072     -0.0103      0.6724     -5.9961      5.7225
  L7        360,579,072      0.0080      0.5989     -4.3503      4.5415
  L8        360,579,072     -0.0180      0.7076     -4.8958      5.0875
  L9        360,579,072      0.0118      0.7160     -5.4935      7.0921
  L10       360,579,072      0.0135      0.6679    -14.7838     11.0594
  L11       360,579,072      0.0220      0.7485     -9.2154      9.2888

Probe: qkt_raw (QKᵀ (raw))
  Layer            Count        Mean         Std         Min         Max
  ----------------------------------------------------------------------
  L0        721,158,144      0.7206     19.1040    -99.0190    101.2805
  L1        721,158,144     -3.5181     16.0762   -138.5794    127.7076
  L2        721,158,144     -0.4010     27.4836   -339.5589    357.2696
  L3        721,158,144      4.2673     17.8486   -124.4821    174.3527
  L4        721,158,144     -2.5432     16.4930   -102.7324    136.9174
  L5        721,158,144     -4.3637     21.0905   -155.0828    129.8437
  L6        721,158,144     -2.3338     21.7072   -157.0204    138.1778
  L7        721,158,144     -3.8665     21.9032   -151.7233    156.6431
  L8        721,158,144      0.5343     20.6365   -139.2480    192.8303
  L9        721,158,144     -7.2919     23.7317   -167.9474    173.1160
  L10       721,158,144    -19.0004     21.5429   -176.2680    118.8074
  L11       721,158,144    -22.7727     20.3697   -160.3903    116.3279

Probe: attn_scores (QKᵀ/√dₖ + mask)
  Layer            Count        Mean         Std         Min         Max
  ----------------------------------------------------------------------
  L0        721,158,144-198742041390781678162034509987497115648.0000167720032208473650955675493783184605184.0000-340282346638528859811704183484516925440.0000     12.6601
  L1        721,158,144-198742041390781678162034509987497115648.0000167720032208473650955675493783184605184.0000-340282346638528859811704183484516925440.0000     15.9635
  L2        721,158,144-198742041390781678162034509987497115648.0000167720032208473650955675493783184605184.0000-340282346638528859811704183484516925440.0000     37.7790
  L3        721,158,144-198742041390781678162034509987497115648.0000167720032208473650955675493783184605184.0000-340282346638528859811704183484516925440.0000     21.7941
  L4        721,158,144-198742041390781678162034509987497115648.0000167720032208473650955675493783184605184.0000-340282346638528859811704183484516925440.0000     17.1147
  L5        721,158,144-198742041390781678162034509987497115648.0000167720032208473650955675493783184605184.0000-340282346638528859811704183484516925440.0000     16.2305
  L6        721,158,144-198742041390781678162034509987497115648.0000167720032208473650955675493783184605184.0000-340282346638528859811704183484516925440.0000     17.2722
  L7        721,158,144-198742041390781678162034509987497115648.0000167720032208473650955675493783184605184.0000-340282346638528859811704183484516925440.0000     19.5804
  L8        721,158,144-198742041390781678162034509987497115648.0000167720032208473650955675493783184605184.0000-340282346638528859811704183484516925440.0000     24.1038
  L9        721,158,144-198742041390781678162034509987497115648.0000167720032208473650955675493783184605184.0000-340282346638528859811704183484516925440.0000     21.6395
  L10       721,158,144-198742041390781678162034509987497115648.0000167720032208473650955675493783184605184.0000-340282346638528859811704183484516925440.0000     14.8509
  L11       721,158,144-198742041390781678162034509987497115648.0000167720032208473650955675493783184605184.0000-340282346638528859811704183484516925440.0000     14.5410

Probe: attn_probs (Softmax(scores))
  Layer            Count        Mean         Std         Min         Max
  ----------------------------------------------------------------------
  L0        721,158,144      0.0078      0.0439      0.0000      0.9999
  L1        721,158,144      0.0078      0.0396      0.0000      0.9999
  L2        721,158,144      0.0078      0.0434      0.0000      1.0000
  L3        721,158,144      0.0078      0.0372      0.0000      1.0000
  L4        721,158,144      0.0078      0.0373      0.0000      0.9995
  L5        721,158,144      0.0078      0.0435      0.0000      0.9999
  L6        721,158,144      0.0078      0.0451      0.0000      1.0000
  L7        721,158,144      0.0078      0.0475      0.0000      0.9999
  L8        721,158,144      0.0078      0.0445      0.0000      0.9998
  L9        721,158,144      0.0078      0.0507      0.0000      0.9998
  L10       721,158,144      0.0078      0.0464      0.0000      0.9992
  L11       721,158,144      0.0078      0.0449      0.0000      0.9990

Probe: attn_context (Softmax × V)
  Layer            Count        Mean         Std         Min         Max
  ----------------------------------------------------------------------
  L0        360,579,072     -0.0042      0.1901     -3.1113      3.3129
  L1        360,579,072     -0.0014      0.2284     -3.4022      3.5600
  L2        360,579,072      0.0041      0.2609     -3.8802      4.0489
  L3        360,579,072      0.0106      0.2402     -3.8464      4.4226
  L4        360,579,072     -0.0066      0.2819     -4.5437      5.1614
  L5        360,579,072     -0.0064      0.3209     -4.1119      4.2094
  L6        360,579,072     -0.0074      0.3190     -4.3270      4.5269
  L7        360,579,072      0.0028      0.2979     -3.3509      3.5454
  L8        360,579,072     -0.0115      0.3342     -4.5343      4.2276
  L9        360,579,072      0.0127      0.3166     -4.6209      5.1754
  L10       360,579,072      0.0070      0.2491     -6.1697      5.1610
  L11       360,579,072      0.0071      0.2368     -4.8331      4.8358

Probe: attn_output (Attn × Wₒ)
  Layer            Count        Mean         Std         Min         Max
  ----------------------------------------------------------------------
  L0        360,579,072      0.0001      0.2208     -6.0633      5.2341
  L1        360,579,072     -0.0016      0.2097     -3.2855      3.2685
  L2        360,579,072      0.0004      0.2125     -3.0871      3.4645
  L3        360,579,072      0.0005      0.2081     -2.9822      2.9905
  L4        360,579,072      0.0001      0.2810     -3.7679      4.1226
  L5        360,579,072     -0.0022      0.3350     -4.2324      3.7893
  L6        360,579,072     -0.0016      0.3060     -3.2036      3.1876
  L7        360,579,072     -0.0021      0.2848     -3.0968      2.8077
  L8        360,579,072     -0.0011      0.3136     -4.9832      5.1627
  L9        360,579,072     -0.0027      0.3286     -5.5024      6.9325
  L10       360,579,072      0.0003      0.2448     -4.6355      3.2353
  L11       360,579,072     -0.0006      0.2503     -3.7682      2.4163

Probe: post_attn_ln (Post-Attn sub-block)
  Layer            Count        Mean         Std         Min         Max
  ----------------------------------------------------------------------
  L0        360,579,072     -0.0215      1.1534    -66.6292      7.8994
  L1        360,579,072     -0.0401      1.3123    -72.9314      5.3711
  L2        360,579,072     -0.0405      1.4202    -58.3282      5.8934
  L3        360,579,072     -0.0283      1.3042    -95.3388      5.4462
  L4        360,579,072     -0.0353      1.2780   -102.8951      5.6949
  L5        360,579,072     -0.0289      1.1245    -93.1280      5.9073
  L6        360,579,072     -0.0301      1.0713    -91.8371      6.4645
  L7        360,579,072     -0.0343      1.0097    -90.3572      6.8605
  L8        360,579,072     -0.0314      0.9857    -87.2790     10.3140
  L9        360,579,072     -0.0264      0.8910    -58.8947     17.3369
  L10       360,579,072     -0.0170      0.8971    -60.5387     20.5915
  L11       360,579,072     -0.0489      1.2068    -40.8085     11.2978

Probe: gelu_input (FFN1 (GELU in))
  Layer            Count        Mean         Std         Min         Max
  ----------------------------------------------------------------------
  L0      1,442,316,288     -2.3229      1.5817    -18.7702     13.9717
  L1      1,442,316,288     -1.9985      1.2519    -20.6193     12.2509
  L2      1,442,316,288     -2.1766      1.2445    -26.7662     69.4559
  L3      1,442,316,288     -2.0163      1.2630    -60.8066      9.4492
  L4      1,442,316,288     -1.9539      1.2263    -61.4447     11.0302
  L5      1,442,316,288     -1.8386      1.1909    -49.3692     11.8780
  L6      1,442,316,288     -1.9051      1.1439    -25.6925      9.7811
  L7      1,442,316,288     -1.7721      1.0522    -19.6384      9.1179
  L8      1,442,316,288     -1.6684      1.0162    -24.9046     22.8306
  L9      1,442,316,288     -1.6789      1.1150    -47.3442     96.4008
  L10     1,442,316,288     -1.5326      0.9596    -39.9260    145.6365
  L11     1,442,316,288     -1.2726      0.8305    -20.1531     19.2538

Probe: gelu_output (GELU output)
  Layer            Count        Mean         Std         Min         Max
  ----------------------------------------------------------------------
  L0      1,442,316,288      0.0073      0.3420     -0.1700     13.9717
  L1      1,442,316,288     -0.0268      0.2161     -0.1700     12.2509
  L2      1,442,316,288     -0.0313      0.2165     -0.1700     69.4559
  L3      1,442,316,288     -0.0331      0.1747     -0.1700      9.4492
  L4      1,442,316,288     -0.0342      0.1809     -0.1700     11.0302
  L5      1,442,316,288     -0.0396      0.1803     -0.1700     11.8780
  L6      1,442,316,288     -0.0413      0.1700     -0.1700      9.7811
  L7      1,442,316,288     -0.0498      0.1569     -0.1700      9.1179
  L8      1,442,316,288     -0.0526      0.1633     -0.1700     22.8306
  L9      1,442,316,288     -0.0636      0.1963     -0.1700     96.4008
  L10     1,442,316,288     -0.0719      0.3048     -0.1700    145.6365
  L11     1,442,316,288     -0.0767      0.1732     -0.1700     19.2538

Probe: ffn2_output (FFN2 output)
  Layer            Count        Mean         Std         Min         Max
  ----------------------------------------------------------------------
  L0        360,579,072     -0.0425      1.6963    -58.8273     19.6151
  L1        360,579,072     -0.0097      0.6492    -42.9576      5.1094
  L2        360,579,072     -0.0072      1.1927   -291.3953      6.3189
  L3        360,579,072      0.0008      0.5582   -108.6351      5.3173
  L4        360,579,072      0.0005      0.5017    -87.3469      4.9108
  L5        360,579,072     -0.0022      0.4607    -71.8211      4.8831
  L6        360,579,072     -0.0007      0.3817    -41.7882      3.9735
  L7        360,579,072     -0.0005      0.3128    -20.2075      4.4955
  L8        360,579,072      0.0014      0.3636   -129.3980     42.1489
  L9        360,579,072     -0.0139      2.5804   -763.1308    529.4142
  L10       360,579,072     -0.0291      4.1930  -1089.8029     36.1639
  L11       360,579,072      0.0058      0.4663    -48.6183     18.5076

Probe: post_ffn_ln (Post-FFN sub-block)
  Layer            Count        Mean         Std         Min         Max
  ----------------------------------------------------------------------
  L0        360,579,072     -0.0199      0.5599    -10.0380      3.6461
  L1        360,579,072     -0.0170      0.6328    -11.4416      4.6182
  L2        360,579,072     -0.0184      0.6175    -14.8406      4.8443
  L3        360,579,072     -0.0274      0.6874    -13.7050      4.4759
  L4        360,579,072     -0.0253      0.7193    -14.9005      4.9837
  L5        360,579,072     -0.0282      0.7583    -15.8938      5.1180
  L6        360,579,072     -0.0301      0.7707    -16.0287      5.1721
  L7        360,579,072     -0.0337      0.8041    -20.3191      7.2174
  L8        360,579,072     -0.0376      0.8483    -24.5364      8.3142
  L9        360,579,072     -0.0377      0.8318    -26.2922      8.2543
  L10       360,579,072     -0.0456      0.9133    -29.8583      7.2803
  L11       360,579,072     -0.0126      0.4898     -9.9280      4.9111

Probe: ln1_input (LN₁ input (pre-norm))
  Layer            Count        Mean         Std         Min         Max
  ----------------------------------------------------------------------

Probe: ln1_output (LN₁ output (pre-norm))
  Layer            Count        Mean         Std         Min         Max
  ----------------------------------------------------------------------

Probe: ln2_input (LN₂ input (pre-norm))
  Layer            Count        Mean         Std         Min         Max
  ----------------------------------------------------------------------

Probe: ln2_output (LN₂ output (pre-norm))
  Layer            Count        Mean         Std         Min         Max
  ----------------------------------------------------------------------
