Model: textattack/bert-base-uncased-WNLI  Arch: bert  Layers: 12

Probe: input_ids (Input IDs)  [global]
  Layer            Count        Mean         Std         Min         Max
  ----------------------------------------------------------------------
  All         81,280    957.3456   2698.6707      0.0000  29353.0000

Probe: after_embed (After Embedding)  [global]
  Layer            Count        Mean         Std         Min         Max
  ----------------------------------------------------------------------
  All     62,423,040     -0.0422      0.4806    -11.1094      4.2479

Probe: query_proj (XW_q + b_q)
  Layer            Count        Mean         Std         Min         Max
  ----------------------------------------------------------------------
  L0         62,423,040      0.0042      0.9861     -7.6445      6.5459
  L1         62,423,040      0.0409      0.9469     -7.1914      7.6692
  L2         62,423,040      0.0476      1.1336    -10.4381      9.4027
  L3         62,423,040     -0.0036      1.0063     -8.0949      7.3975
  L4         62,423,040     -0.0026      1.0314     -7.8157      9.2525
  L5         62,423,040     -0.0453      1.1615     -7.1212      8.3187
  L6         62,423,040     -0.0697      1.1624     -8.5596      7.7754
  L7         62,423,040     -0.0230      1.1872     -8.7629      7.8414
  L8         62,423,040     -0.0537      1.1320     -8.0865      7.7514
  L9         62,423,040      0.0170      1.1089     -8.8977      8.2510
  L10        62,423,040      0.0032      1.0986    -10.1460      7.8972
  L11        62,423,040      0.0370      1.0805     -6.5402      7.6592

Probe: key_proj (XW_k + b_k)
  Layer            Count        Mean         Std         Min         Max
  ----------------------------------------------------------------------
  L0         62,423,040     -0.0252      1.0744     -6.7177      8.7253
  L1         62,423,040     -0.0231      1.0240     -7.3287      6.9652
  L2         62,423,040      0.0301      1.0743     -8.1094      9.2371
  L3         62,423,040     -0.0058      0.9765     -6.6268      6.2306
  L4         62,423,040      0.0054      0.9504     -6.5660      6.8649
  L5         62,423,040      0.0178      1.0942     -6.5352      7.2964
  L6         62,423,040      0.0202      1.1182     -6.9771      7.8831
  L7         62,423,040      0.0105      1.1303     -7.0553      7.2174
  L8         62,423,040     -0.0080      1.0608     -6.5373      7.0816
  L9         62,423,040     -0.0013      1.0307     -6.4251      8.1264
  L10        62,423,040      0.0252      1.0757     -8.7342      8.7586
  L11        62,423,040     -0.0098      1.0404    -11.3920     10.2446

Probe: value_proj (XW_v + b_v)
  Layer            Count        Mean         Std         Min         Max
  ----------------------------------------------------------------------
  L0         62,423,040      0.0142      0.4251     -3.8955      3.0867
  L1         62,423,040     -0.0214      0.5181     -4.7047      5.0932
  L2         62,423,040      0.0041      0.5123     -4.8685      4.6732
  L3         62,423,040     -0.0149      0.5410     -4.5647      4.7099
  L4         62,423,040      0.0173      0.5985     -4.8818      6.3119
  L5         62,423,040     -0.0103      0.5533     -5.3244      5.3809
  L6         62,423,040      0.0016      0.5790     -4.7891      4.8465
  L7         62,423,040      0.0009      0.5120     -4.0147      4.1770
  L8         62,423,040     -0.0097      0.6206     -4.9137      4.6197
  L9         62,423,040      0.0003      0.6054     -4.7505      5.4940
  L10        62,423,040     -0.0075      0.6219     -9.7757      8.3958
  L11        62,423,040     -0.0065      0.6655     -7.4397      8.9038

Probe: qkt_raw (QKᵀ (raw))
  Layer            Count        Mean         Std         Min         Max
  ----------------------------------------------------------------------
  L0        124,846,080      3.3165     19.3392    -92.5987     99.5722
  L1        124,846,080     -2.5093     15.6714   -114.3878    133.6855
  L2        124,846,080     -3.9591     28.7014   -284.3185    261.4272
  L3        124,846,080      4.3483     16.1291   -105.3795    131.1350
  L4        124,846,080     -1.6970     13.6200    -82.2100    113.0685
  L5        124,846,080     -2.6952     17.8547   -121.7193    102.5498
  L6        124,846,080     -0.1803     17.9582   -133.2230    117.0621
  L7        124,846,080     -0.2252     16.6060   -130.2273    112.9556
  L8        124,846,080      5.7984     14.5049   -116.4386    134.3473
  L9        124,846,080      7.7979     13.6328   -109.7359    119.5755
  L10       124,846,080    -10.4038     17.1091   -124.4812    131.6124
  L11       124,846,080    -15.2526     14.1613   -102.5834     93.7717

Probe: attn_scores (QKᵀ/√dₖ + mask)
  Layer            Count        Mean         Std         Min         Max
  ----------------------------------------------------------------------
  L0        124,846,080-241735272850089764158192442130055561216.0000154344756214217613144753960374782394368.0000-340282346638528859811704183484516925440.0000     12.0996
  L1        124,846,080-241735272850089764158192442130055561216.0000154344756214217613144753960374782394368.0000-340282346638528859811704183484516925440.0000     16.7107
  L2        124,846,080-241735272850089764158192442130055561216.0000154344756214217613144753960374782394368.0000-340282346638528859811704183484516925440.0000     32.6784
  L3        124,846,080-241735272850089764158192442130055561216.0000154344756214217613144753960374782394368.0000-340282346638528859811704183484516925440.0000     16.3919
  L4        124,846,080-241735272850089764158192442130055561216.0000154344756214217613144753960374782394368.0000-340282346638528859811704183484516925440.0000     14.1336
  L5        124,846,080-241735272850089764158192442130055561216.0000154344756214217613144753960374782394368.0000-340282346638528859811704183484516925440.0000     12.8187
  L6        124,846,080-241735272850089764158192442130055561216.0000154344756214217613144753960374782394368.0000-340282346638528859811704183484516925440.0000     14.6328
  L7        124,846,080-241735272850089764158192442130055561216.0000154344756214217613144753960374782394368.0000-340282346638528859811704183484516925440.0000     14.1194
  L8        124,846,080-241735272850089764158192442130055561216.0000154344756214217613144753960374782394368.0000-340282346638528859811704183484516925440.0000     16.7934
  L9        124,846,080-241735272850089764158192442130055561216.0000154344756214217613144753960374782394368.0000-340282346638528859811704183484516925440.0000     14.9469
  L10       124,846,080-241735272850089764158192442130055561216.0000154344756214217613144753960374782394368.0000-340282346638528859811704183484516925440.0000     16.4515
  L11       124,846,080-241735272850089764158192442130055561216.0000154344756214217613144753960374782394368.0000-340282346638528859811704183484516925440.0000     11.7215

Probe: attn_probs (Softmax(scores))
  Layer            Count        Mean         Std         Min         Max
  ----------------------------------------------------------------------
  L0        124,846,080      0.0078      0.0480      0.0000      1.0000
  L1        124,846,080      0.0078      0.0405      0.0000      0.9997
  L2        124,846,080      0.0078      0.0448      0.0000      1.0000
  L3        124,846,080      0.0078      0.0385      0.0000      0.9997
  L4        124,846,080      0.0078      0.0366      0.0000      0.9977
  L5        124,846,080      0.0078      0.0479      0.0000      0.9967
  L6        124,846,080      0.0078      0.0450      0.0000      0.9990
  L7        124,846,080      0.0078      0.0476      0.0000      0.9995
  L8        124,846,080      0.0078      0.0438      0.0000      0.9946
  L9        124,846,080      0.0078      0.0407      0.0000      0.9706
  L10       124,846,080      0.0078      0.0381      0.0000      0.9967
  L11       124,846,080      0.0078      0.0350      0.0000      0.9869

Probe: attn_context (Softmax × V)
  Layer            Count        Mean         Std         Min         Max
  ----------------------------------------------------------------------
  L0         62,423,040     -0.0056      0.1854     -2.8918      2.4021
  L1         62,423,040     -0.0013      0.2219     -3.2699      3.0733
  L2         62,423,040      0.0016      0.2371     -3.7241      3.6573
  L3         62,423,040      0.0005      0.2025     -4.1084      3.6039
  L4         62,423,040     -0.0073      0.2268     -3.7279      3.5864
  L5         62,423,040     -0.0003      0.1762     -3.3675      4.0987
  L6         62,423,040      0.0030      0.1969     -3.5987      3.8367
  L7         62,423,040     -0.0041      0.1824     -3.1407      3.0941
  L8         62,423,040     -0.0040      0.2076     -3.2259      2.9565
  L9         62,423,040     -0.0010      0.2024     -4.0519      3.3136
  L10        62,423,040     -0.0048      0.1881     -5.2325      5.1412
  L11        62,423,040     -0.0016      0.1902     -5.3592      7.6377

Probe: attn_output (Attn × Wₒ)
  Layer            Count        Mean         Std         Min         Max
  ----------------------------------------------------------------------
  L0         62,423,040      0.0006      0.2122     -4.3969      3.9399
  L1         62,423,040     -0.0020      0.2152     -2.8273      2.3992
  L2         62,423,040      0.0016      0.1987     -2.5675      2.9112
  L3         62,423,040      0.0017      0.1785     -2.4573      2.3156
  L4         62,423,040     -0.0000      0.2284     -3.3621      2.7435
  L5         62,423,040      0.0008      0.1739     -2.7553      2.6646
  L6         62,423,040      0.0002      0.1864     -2.1096      2.4653
  L7         62,423,040      0.0005      0.1706     -2.1059      2.2783
  L8         62,423,040     -0.0001      0.1893     -2.9977      5.8143
  L9         62,423,040      0.0010      0.1923     -3.3441      3.4147
  L10        62,423,040      0.0011      0.1795     -2.2225      2.2215
  L11        62,423,040     -0.0004      0.2310     -4.2236      4.7621

Probe: post_attn_ln (Post-Attn sub-block)
  Layer            Count        Mean         Std         Min         Max
  ----------------------------------------------------------------------
  L0         62,423,040     -0.0208      1.1297    -63.9428      7.3355
  L1         62,423,040     -0.0407      1.3326    -65.9684      5.5667
  L2         62,423,040     -0.0430      1.4845    -53.1642      5.6262
  L3         62,423,040     -0.0302      1.3481    -94.3671      4.7870
  L4         62,423,040     -0.0385      1.3399   -103.0546      5.1393
  L5         62,423,040     -0.0342      1.1938    -93.2744      5.6973
  L6         62,423,040     -0.0369      1.1518    -92.1093      5.8822
  L7         62,423,040     -0.0433      1.1111    -90.5201      6.4601
  L8         62,423,040     -0.0412      1.1040    -85.8560      7.3157
  L9         62,423,040     -0.0363      0.9367    -57.8148     16.6375
  L10        62,423,040     -0.0269      0.9729    -59.1830     19.0421
  L11        62,423,040     -0.0535      1.3311    -42.1205      8.7670

Probe: gelu_input (FFN1 (GELU in))
  Layer            Count        Mean         Std         Min         Max
  ----------------------------------------------------------------------
  L0        249,692,160     -2.3840      1.5817    -18.8023     13.4449
  L1        249,692,160     -1.8834      1.1728    -19.4520     12.1882
  L2        249,692,160     -2.1416      1.1947    -23.2796     64.6684
  L3        249,692,160     -1.9874      1.2187    -60.0824      9.1633
  L4        249,692,160     -1.9788      1.2067    -61.5580     11.0387
  L5        249,692,160     -1.8451      1.0954    -49.4524     11.4763
  L6        249,692,160     -1.7712      1.0447    -25.8536      8.2080
  L7        249,692,160     -1.6163      0.9856    -19.4218      9.5069
  L8        249,692,160     -1.4870      0.9290    -18.5173     23.5446
  L9        249,692,160     -1.3890      1.0225    -42.7340     97.4296
  L10       249,692,160     -1.3862      0.9649    -37.3267    139.8654
  L11       249,692,160     -1.1797      0.7781    -24.5305     12.4456

Probe: gelu_output (GELU output)
  Layer            Count        Mean         Std         Min         Max
  ----------------------------------------------------------------------
  L0        249,692,160      0.0108      0.3788     -0.1700     13.4449
  L1        249,692,160     -0.0299      0.2375     -0.1700     12.1882
  L2        249,692,160     -0.0346      0.2011     -0.1700     64.6684
  L3        249,692,160     -0.0371      0.1650     -0.1700      9.1633
  L4        249,692,160     -0.0367      0.1700     -0.1700     11.0387
  L5        249,692,160     -0.0504      0.1400     -0.1700     11.4763
  L6        249,692,160     -0.0507      0.1397     -0.1700      8.2080
  L7        249,692,160     -0.0587      0.1490     -0.1700      9.5069
  L8        249,692,160     -0.0651      0.1507     -0.1700     23.5446
  L9        249,692,160     -0.0715      0.2820     -0.1700     97.4296
  L10       249,692,160     -0.0753      0.4083     -0.1700    139.8654
  L11       249,692,160     -0.0814      0.1702     -0.1700     12.4456

Probe: ffn2_output (FFN2 output)
  Layer            Count        Mean         Std         Min         Max
  ----------------------------------------------------------------------
  L0         62,423,040     -0.0551      2.1011    -63.0862     14.9607
  L1         62,423,040     -0.0116      0.7452    -39.6676      5.0086
  L2         62,423,040     -0.0064      1.0797   -271.3304      4.9839
  L3         62,423,040      0.0037      0.5559   -102.7905      3.2261
  L4         62,423,040      0.0011      0.4747    -84.3258      4.5069
  L5         62,423,040     -0.0021      0.4123    -69.3738      2.9453
  L6         62,423,040     -0.0019      0.3343    -41.8371      3.7499
  L7         62,423,040     -0.0005      0.3292    -16.7218      3.3780
  L8         62,423,040     -0.0012      0.4370   -139.3537     44.6424
  L9         62,423,040     -0.0244      4.2659   -779.6328    545.0338
  L10        62,423,040     -0.0468      5.7814  -1058.2952     35.8171
  L11        62,423,040      0.0023      0.3794    -56.4715     17.4027

Probe: post_ffn_ln (Post-FFN sub-block)
  Layer            Count        Mean         Std         Min         Max
  ----------------------------------------------------------------------
  L0         62,423,040     -0.0182      0.5234     -9.8547      3.3223
  L1         62,423,040     -0.0157      0.5964    -11.2864      4.2012
  L2         62,423,040     -0.0179      0.5896    -14.8220      4.1405
  L3         62,423,040     -0.0274      0.6721    -13.4687      3.9988
  L4         62,423,040     -0.0252      0.6983    -15.0000      4.2167
  L5         62,423,040     -0.0275      0.7395    -16.1580      4.5182
  L6         62,423,040     -0.0279      0.7450    -16.6141      4.6321
  L7         62,423,040     -0.0315      0.8011    -21.7897      4.4953
  L8         62,423,040     -0.0327      0.8225    -26.0502      5.8189
  L9         62,423,040     -0.0328      0.8558    -27.5084      5.3171
  L10        62,423,040     -0.0402      0.9229    -32.1191      4.4701
  L11        62,423,040     -0.0089      0.4310     -9.4441      3.9879

Probe: ln1_input (LN₁ input (pre-norm))
  Layer            Count        Mean         Std         Min         Max
  ----------------------------------------------------------------------

Probe: ln1_output (LN₁ output (pre-norm))
  Layer            Count        Mean         Std         Min         Max
  ----------------------------------------------------------------------

Probe: ln2_input (LN₂ input (pre-norm))
  Layer            Count        Mean         Std         Min         Max
  ----------------------------------------------------------------------

Probe: ln2_output (LN₂ output (pre-norm))
  Layer            Count        Mean         Std         Min         Max
  ----------------------------------------------------------------------
