Model: gpt2  Arch: gpt2  Layers: 12

Probe: input_ids (Input IDs)  [global]
  Layer            Count        Mean         Std         Min         Max
  ----------------------------------------------------------------------
  All      2,383,872   5051.9295   9079.8937      6.0000  50253.0000

Probe: after_embed (After Embedding)  [global]
  Layer            Count        Mean         Std         Min         Max
  ----------------------------------------------------------------------
  All  1,830,813,696     -0.0015      0.1679     -4.7888      4.0799

Probe: query_proj (XW_q + b_q)
  Layer            Count        Mean         Std         Min         Max
  ----------------------------------------------------------------------
  L0      1,830,813,696     -0.0192      1.2598    -10.3988     10.9622
  L1      1,830,813,696     -0.0196      1.1611     -9.8530      9.4985
  L2      1,830,813,696     -0.0086      1.8275    -14.4395     15.6681
  L3      1,830,813,696     -0.0734      1.6785    -11.4112     12.4919
  L4      1,830,813,696      0.0888      1.7001    -20.0880     15.8047
  L5      1,830,813,696     -0.0426      1.6617    -13.9799     13.3783
  L6      1,830,813,696      0.0161      1.5001    -13.9332     12.6252
  L7      1,830,813,696     -0.0021      1.5649    -14.1123     11.3445
  L8      1,830,813,696     -0.0261      1.4120    -13.3756     10.4639
  L9      1,830,813,696      0.0022      1.4009    -14.3751     11.6941
  L10     1,830,813,696      0.0332      1.3323    -11.6659     12.4427
  L11     1,830,813,696      0.0197      1.2185     -9.8508     11.4243

Probe: key_proj (XW_k + b_k)
  Layer            Count        Mean         Std         Min         Max
  ----------------------------------------------------------------------
  L0      1,830,813,696     -0.0394      1.6921    -11.2388     11.4322
  L1      1,830,813,696     -0.0204      1.4292    -11.5658     10.7317
  L2      1,830,813,696     -0.0622      3.1662    -15.7218     14.9493
  L3      1,830,813,696     -0.0022      3.9927    -21.9745     22.5629
  L4      1,830,813,696     -0.0009      3.6095    -32.1107     31.9157
  L5      1,830,813,696      0.0060      2.0480    -18.6696     18.3855
  L6      1,830,813,696      0.0269      1.9912    -17.4255     15.9043
  L7      1,830,813,696      0.0216      1.9304    -15.2601     15.9072
  L8      1,830,813,696     -0.0340      1.7911    -16.4241     14.7095
  L9      1,830,813,696     -0.0595      1.6275    -15.8303     13.0086
  L10     1,830,813,696     -0.0062      1.5365    -13.2941     12.0800
  L11     1,830,813,696     -0.0275      1.2647     -9.3965     10.8278

Probe: value_proj (XW_v + b_v)
  Layer            Count        Mean         Std         Min         Max
  ----------------------------------------------------------------------
  L0      1,830,813,696      0.0043      0.2656     -2.6191      3.5933
  L1      1,830,813,696      0.0085      0.4901     -5.2503      5.0679
  L2      1,830,813,696     -0.0084      0.5445     -5.6710      4.5046
  L3      1,830,813,696      0.0068      0.5408     -5.3660      5.4083
  L4      1,830,813,696     -0.0048      0.5842     -5.0982      4.8117
  L5      1,830,813,696     -0.0014      0.7515     -7.0142      7.7732
  L6      1,830,813,696     -0.0056      0.7566     -6.2944      6.6853
  L7      1,830,813,696     -0.0120      0.8689     -7.6476      7.4374
  L8      1,830,813,696      0.0007      0.8912     -8.8385      8.2945
  L9      1,830,813,696      0.0024      0.9844    -10.0300      9.9547
  L10     1,830,813,696     -0.0165      1.0624    -10.8913     11.8526
  L11     1,830,813,696     -0.0024      1.2477    -13.7859     13.6895

Probe: qkt_raw (QKᵀ (raw))
  Layer            Count        Mean         Std         Min         Max
  ----------------------------------------------------------------------
  L0     14,646,509,568     -6.9127     74.8721   -461.0558    469.8423
  L1     14,646,509,568     -2.0654     37.1865   -201.9958    250.3851
  L2     14,646,509,568    -17.3034    186.6003  -1131.7219    978.6854
  L3     14,646,509,568    -23.1680    173.7331   -765.0784    756.3099
  L4     14,646,509,568    -13.8227    210.4862  -2066.7080   2242.8772
  L5     14,646,509,568    -28.5849     68.8579   -417.2062    368.0561
  L6     14,646,509,568    -20.6270     64.9711   -442.0188    345.9434
  L7     14,646,509,568    -25.9170     60.5481   -418.3344    360.8761
  L8     14,646,509,568    -16.6875     51.4409   -377.2330    339.6588
  L9     14,646,509,568    -20.1355     42.6546   -339.2684    322.8501
  L10    14,646,509,568    -15.8716     36.2284   -391.1172    340.7021
  L11    14,646,509,568     -6.5013     20.3842   -351.2731    216.1479

Probe: attn_scores (QKᵀ/√dₖ + mask)
  Layer            Count        Mean         Std         Min         Max
  ----------------------------------------------------------------------
  L0     14,646,509,568-169808866340125241566192224375574364160.0000170140848800420062598439853226882760704.0000-340282346638528859811704183484516925440.0000     38.2979
  L1     14,646,509,568-169808866340125241566192224375574364160.0000170140848800420062598439853226882760704.0000-340282346638528859811704183484516925440.0000     18.4417
  L2     14,646,509,568-169808866340125241566192224375574364160.0000170140848800420062598439853226882760704.0000-340282346638528859811704183484516925440.0000     32.8375
  L3     14,646,509,568-169808866340125241566192224375574364160.0000170140848800420062598439853226882760704.0000-340282346638528859811704183484516925440.0000     17.4073
  L4     14,646,509,568-169808866340125241566192224375574364160.0000170140848800420062598439853226882760704.0000-340282346638528859811704183484516925440.0000     94.7567
  L5     14,646,509,568-169808866340125241566192224375574364160.0000170140848800420062598439853226882760704.0000-340282346638528859811704183484516925440.0000     14.6500
  L6     14,646,509,568-169808866340125241566192224375574364160.0000170140848800420062598439853226882760704.0000-340282346638528859811704183484516925440.0000     14.7710
  L7     14,646,509,568-169808866340125241566192224375574364160.0000170140848800420062598439853226882760704.0000-340282346638528859811704183484516925440.0000     18.8742
  L8     14,646,509,568-169808866340125241566192224375574364160.0000170140848800420062598439853226882760704.0000-340282346638528859811704183484516925440.0000     14.7023
  L9     14,646,509,568-169808866340125241566192224375574364160.0000170140848800420062598439853226882760704.0000-340282346638528859811704183484516925440.0000     14.3905
  L10    14,646,509,568-169808866340125241566192224375574364160.0000170140848800420062598439853226882760704.0000-340282346638528859811704183484516925440.0000     17.6792
  L11    14,646,509,568-169808866340125241566192224375574364160.0000170140848800420062598439853226882760704.0000-340282346638528859811704183484516925440.0000     27.0185

Probe: attn_probs (Softmax(scores))
  Layer            Count        Mean         Std         Min         Max
  ----------------------------------------------------------------------
  L0     14,646,509,568      0.0020      0.0224      0.0000      1.0000
  L1     14,646,509,568      0.0020      0.0142      0.0000      1.0000
  L2     14,646,509,568      0.0020      0.0204      0.0000      1.0000
  L3     14,646,509,568      0.0020      0.0245      0.0000      1.0000
  L4     14,646,509,568      0.0020      0.0269      0.0000      1.0000
  L5     14,646,509,568      0.0020      0.0294      0.0000      1.0000
  L6     14,646,509,568      0.0020      0.0272      0.0000      1.0000
  L7     14,646,509,568      0.0020      0.0308      0.0000      1.0000
  L8     14,646,509,568      0.0020      0.0273      0.0000      1.0000
  L9     14,646,509,568      0.0020      0.0283      0.0000      1.0000
  L10    14,646,509,568      0.0020      0.0264      0.0000      1.0000
  L11    14,646,509,568      0.0020      0.0227      0.0000      1.0000

Probe: attn_context (Softmax × V)
  Layer            Count        Mean         Std         Min         Max
  ----------------------------------------------------------------------
  L0      1,830,813,696      0.0047      0.1653     -1.8763      2.3500
  L1      1,830,813,696      0.0070      0.2684     -3.9062      2.8706
  L2      1,830,813,696     -0.0080      0.2992     -4.5814      2.6615
  L3      1,830,813,696      0.0037      0.2608     -3.1801      3.3544
  L4      1,830,813,696     -0.0043      0.2462     -4.5952      3.3769
  L5      1,830,813,696     -0.0042      0.2836     -5.8265      6.0617
  L6      1,830,813,696     -0.0002      0.2296     -6.0557      4.2532
  L7      1,830,813,696     -0.0020      0.2472     -5.8721      5.3922
  L8      1,830,813,696     -0.0013      0.2689     -5.3452      5.6826
  L9      1,830,813,696      0.0033      0.2921     -6.7131      6.0546
  L10     1,830,813,696     -0.0117      0.3621     -7.2132      9.3762
  L11     1,830,813,696      0.0019      0.5372    -13.6605     13.6895

Probe: attn_output (Attn × Wₒ)
  Layer            Count        Mean         Std         Min         Max
  ----------------------------------------------------------------------
  L0      1,830,813,696      0.0004      1.2058    -20.1677     20.3315
  L1      1,830,813,696     -0.0037      0.3921    -19.0047     33.1103
  L2      1,830,813,696      0.0028      0.3343     -9.2130     12.3866
  L3      1,830,813,696      0.0047      0.3702     -8.7646     22.4887
  L4      1,830,813,696      0.0043      0.3789     -9.4685     18.8120
  L5      1,830,813,696      0.0061      0.5037    -14.6972     27.6539
  L6      1,830,813,696      0.0090      0.5386    -10.6528     29.6069
  L7      1,830,813,696      0.0135      0.7515    -18.5411     46.9613
  L8      1,830,813,696      0.0044      0.7712    -26.0002     44.0018
  L9      1,830,813,696      0.0105      1.1767    -46.8145     49.0708
  L10     1,830,813,696      0.0250      1.8352    -72.5078     73.3019
  L11     1,830,813,696     -0.3135     11.1671  -2613.3284    245.9981

Probe: post_attn_ln (Post-Attn sub-block)
  Layer            Count        Mean         Std         Min         Max
  ----------------------------------------------------------------------
  L0      1,830,813,696     -0.0011      1.2297    -20.0380     20.0219
  L1      1,830,813,696     -0.0093      2.0090    -82.2686    153.9566
  L2      1,830,813,696     -0.0035      2.3782    -82.8081    639.4808
  L3      1,830,813,696      0.0082      4.7190    -82.9042   2500.0732
  L4      1,830,813,696      0.0144      5.0677    -82.1968   2699.4556
  L5      1,830,813,696      0.0224      5.3909    -80.0505   2855.8621
  L6      1,830,813,696      0.0343      5.6644    -74.7766   2962.1802
  L7      1,830,813,696      0.0534      5.9970    -68.9544   3024.4277
  L8      1,830,813,696      0.0616      6.3731    -64.7375   3063.5837
  L9      1,830,813,696      0.0745      7.0094    -90.7771   3087.5093
  L10     1,830,813,696      0.1083      8.2787   -143.8056   3100.0669
  L11     1,830,813,696     -0.1275     15.2307   -258.1860    490.3625

Probe: gelu_input (FFN1 (GELU in))
  Layer            Count        Mean         Std         Min         Max
  ----------------------------------------------------------------------
  L0      7,323,254,784     -1.0164      0.8717    -10.9907     12.5914
  L1      7,323,254,784     -0.6907      0.9332    -18.9007     18.8852
  L2      7,323,254,784     -1.0440      1.0403    -39.7169     63.0403
  L3      7,323,254,784     -1.1609      0.9742    -16.7736     11.1489
  L4      7,323,254,784     -0.9984      0.9301    -10.8910      6.8426
  L5      7,323,254,784     -1.0476      0.9512     -8.6650      6.4556
  L6      7,323,254,784     -0.9676      0.9026    -10.3166      6.8844
  L7      7,323,254,784     -0.9538      0.8719     -8.8622      7.9383
  L8      7,323,254,784     -0.9780      0.8703     -8.1399      8.2281
  L9      7,323,254,784     -0.9954      0.8713    -13.1415     10.6469
  L10     7,323,254,784     -0.9387      0.9039    -14.9803     23.2320
  L11     7,323,254,784     -0.8494      0.9412    -31.2761     42.1830

Probe: gelu_output (GELU output)
  Layer            Count        Mean         Std         Min         Max
  ----------------------------------------------------------------------
  L0      7,323,254,784     -0.0501      0.1965     -0.1700     12.5914
  L1      7,323,254,784     -0.0301      0.1562     -0.1700     18.8852
  L2      7,323,254,784     -0.0459      0.1658     -0.1700     63.0403
  L3      7,323,254,784     -0.0561      0.1516     -0.1700     11.1489
  L4      7,323,254,784     -0.0546      0.1592     -0.1700      6.8426
  L5      7,323,254,784     -0.0496      0.1724     -0.1700      6.4556
  L6      7,323,254,784     -0.0489      0.1825     -0.1700      6.8844
  L7      7,323,254,784     -0.0525      0.1907     -0.1700      7.9383
  L8      7,323,254,784     -0.0535      0.1975     -0.1700      8.2281
  L9      7,323,254,784     -0.0542      0.2071     -0.1700     10.6469
  L10     7,323,254,784     -0.0410      0.2474     -0.1700     23.2320
  L11     7,323,254,784     -0.0258      0.2874     -0.1700     42.1830

Probe: ffn2_output (FFN2 output)
  Layer            Count        Mean         Std         Min         Max
  ----------------------------------------------------------------------
  L0      1,830,813,696     -0.0046      0.9698    -82.3012    123.4925
  L1      1,830,813,696      0.0031      0.8834    -16.5764    518.9095
  L2      1,830,813,696      0.0070      3.7471    -15.7285   2351.8276
  L3      1,830,813,696      0.0019      0.6027    -18.6987    204.2905
  L4      1,830,813,696      0.0018      0.5861    -20.6199    157.8177
  L5      1,830,813,696      0.0029      0.6476    -20.9489    105.5809
  L6      1,830,813,696      0.0056      0.7339    -26.3069     61.5616
  L7      1,830,813,696      0.0038      0.8746    -34.2319     37.2619
  L8      1,830,813,696      0.0024      1.0583    -31.0499     33.1596
  L9      1,830,813,696      0.0087      1.3567    -36.0614     43.8435
  L10     1,830,813,696      0.0777      2.6319   -118.1432    181.8580
  L11     1,830,813,696     -0.0010      3.2422   -204.9907    270.5179

Probe: post_ffn_ln (Post-FFN sub-block)
  Layer            Count        Mean         Std         Min         Max
  ----------------------------------------------------------------------
  L0      1,830,813,696     -0.0056      1.8558    -82.4457    123.1797
  L1      1,830,813,696     -0.0063      2.3093    -82.8195    639.5165
  L2      1,830,813,696      0.0035      4.6696    -82.7365   2502.8896
  L3      1,830,813,696      0.0101      5.0202    -82.1055   2700.4768
  L4      1,830,813,696      0.0163      5.3142    -79.9214   2857.0444
  L5      1,830,813,696      0.0253      5.5694    -74.5244   2961.2468
  L6      1,830,813,696      0.0399      5.8117    -68.6115   3023.6970
  L7      1,830,813,696      0.0572      6.1550    -63.2358   3061.5952
  L8      1,830,813,696      0.0640      6.5656    -66.7204   3085.6177
  L9      1,830,813,696      0.0833      7.3410    -92.5435   3098.7031
  L10     1,830,813,696      0.1860      9.2934   -180.0126   3103.2761
  L11     1,830,813,696     -0.1285     16.8804   -367.5355    586.6844

Probe: ln1_input (LN₁ input (pre-norm))
  Layer            Count        Mean         Std         Min         Max
  ----------------------------------------------------------------------
  L0      1,830,813,696     -0.0015      0.1679     -4.7888      4.0799
  L1      1,830,813,696     -0.0056      1.8558    -82.4457    123.1797
  L2      1,830,813,696     -0.0063      2.3093    -82.8195    639.5165
  L3      1,830,813,696      0.0035      4.6696    -82.7365   2502.8896
  L4      1,830,813,696      0.0101      5.0202    -82.1055   2700.4768
  L5      1,830,813,696      0.0163      5.3142    -79.9214   2857.0444
  L6      1,830,813,696      0.0253      5.5694    -74.5244   2961.2468
  L7      1,830,813,696      0.0399      5.8117    -68.6115   3023.6970
  L8      1,830,813,696      0.0572      6.1550    -63.2358   3061.5952
  L9      1,830,813,696      0.0640      6.5656    -66.7204   3085.6177
  L10     1,830,813,696      0.0833      7.3410    -92.5435   3098.7031
  L11     1,830,813,696      0.1860      9.2934   -180.0126   3103.2761

Probe: ln1_output (LN₁ output (pre-norm))
  Layer            Count        Mean         Std         Min         Max
  ----------------------------------------------------------------------
  L0      1,830,813,696     -0.0055      0.1187     -0.8127      0.8646
  L1      1,830,813,696     -0.0084      0.1911     -3.3255      2.9710
  L2      1,830,813,696     -0.0095      0.3178     -5.8922      6.9455
  L3      1,830,813,696     -0.0004      0.3837     -8.6974      9.4722
  L4      1,830,813,696      0.0024      0.3473     -7.7042      8.2322
  L5      1,830,813,696      0.0059      0.4016     -8.8563      8.2239
  L6      1,830,813,696      0.0046      0.3738     -8.4134      7.8529
  L7      1,830,813,696      0.0071      0.3789     -7.8874      7.6889
  L8      1,830,813,696      0.0051      0.3512     -8.0600      6.8573
  L9      1,830,813,696      0.0094      0.3451     -6.8595      5.6224
  L10     1,830,813,696      0.0130      0.3328     -6.3262      4.9587
  L11     1,830,813,696      0.0147      0.3312     -4.9045      5.3313

Probe: ln2_input (LN₂ input (pre-norm))
  Layer            Count        Mean         Std         Min         Max
  ----------------------------------------------------------------------
  L0      1,830,813,696     -0.0011      1.2297    -20.0380     20.0219
  L1      1,830,813,696     -0.0093      2.0090    -82.2686    153.9566
  L2      1,830,813,696     -0.0035      2.3782    -82.8081    639.4808
  L3      1,830,813,696      0.0082      4.7190    -82.9042   2500.0732
  L4      1,830,813,696      0.0144      5.0677    -82.1968   2699.4556
  L5      1,830,813,696      0.0224      5.3909    -80.0505   2855.8621
  L6      1,830,813,696      0.0343      5.6644    -74.7766   2962.1802
  L7      1,830,813,696      0.0534      5.9970    -68.9544   3024.4277
  L8      1,830,813,696      0.0616      6.3731    -64.7375   3063.5837
  L9      1,830,813,696      0.0745      7.0094    -90.7771   3087.5093
  L10     1,830,813,696      0.1083      8.2787   -143.8056   3100.0669
  L11     1,830,813,696     -0.1275     15.2307   -258.1860    490.3625

Probe: ln2_output (LN₂ output (pre-norm))
  Layer            Count        Mean         Std         Min         Max
  ----------------------------------------------------------------------
  L0      1,830,813,696      0.0119      0.1468     -3.0449      1.9320
  L1      1,830,813,696     -0.0038      0.1815     -3.2463      6.6445
  L2      1,830,813,696      0.0079      0.2099     -1.9571     19.9318
  L3      1,830,813,696      0.0124      0.2267     -2.1112      9.4933
  L4      1,830,813,696      0.0009      0.2201     -2.6320      9.0612
  L5      1,830,813,696      0.0089      0.2296     -2.5514     11.2792
  L6      1,830,813,696      0.0043      0.2180     -2.6643     10.4462
  L7      1,830,813,696      0.0089      0.2090     -2.4605     10.0647
  L8      1,830,813,696     -0.0002      0.2087     -2.3745      8.1638
  L9      1,830,813,696      0.0061      0.2115     -2.3497      6.9412
  L10     1,830,813,696      0.0201      0.2117     -2.4314      8.0789
  L11     1,830,813,696      0.0156      0.2037     -3.1598      4.5888
