Model: textattack/bert-base-uncased-MNLI  Arch: bert  Layers: 12

Probe: input_ids (Input IDs)  [global]
  Layer            Count        Mean         Std         Min         Max
  ----------------------------------------------------------------------
  All     50,265,856   1146.0446   3129.0180      0.0000  30102.0000

Probe: after_embed (After Embedding)  [global]
  Layer            Count        Mean         Std         Min         Max
  ----------------------------------------------------------------------
  All 38,604,177,408     -0.0406      0.4835    -11.1888      4.2143

Probe: query_proj (XW_q + b_q)
  Layer            Count        Mean         Std         Min         Max
  ----------------------------------------------------------------------
  L0     38,604,177,408      0.0032      0.9814     -7.7194      7.2981
  L1     38,604,177,408      0.0450      1.0111     -8.0569      8.6896
  L2     38,604,177,408      0.0354      1.1699    -14.3585     12.7377
  L3     38,604,177,408     -0.0143      1.0417     -9.0006      9.2097
  L4     38,604,177,408      0.0051      1.1012     -9.0981      9.3384
  L5     38,604,177,408     -0.0506      1.2592    -10.2573      9.7741
  L6     38,604,177,408     -0.0442      1.2783     -9.8655      9.0518
  L7     38,604,177,408     -0.0172      1.3459    -11.1460     10.7283
  L8     38,604,177,408     -0.0445      1.2959    -10.9674      9.9000
  L9     38,604,177,408      0.0170      1.2851    -11.1319      9.7686
  L10    38,604,177,408     -0.0246      1.2453    -11.7548     11.0481
  L11    38,604,177,408      0.0492      1.2404     -9.2033     10.4567

Probe: key_proj (XW_k + b_k)
  Layer            Count        Mean         Std         Min         Max
  ----------------------------------------------------------------------
  L0     38,604,177,408     -0.0245      1.0594     -7.1920      8.7038
  L1     38,604,177,408     -0.0188      1.0264     -8.2767      8.1467
  L2     38,604,177,408      0.0320      1.1397    -12.5322     11.8335
  L3     38,604,177,408     -0.0108      1.0835     -8.3173      8.4516
  L4     38,604,177,408      0.0240      1.0998     -9.3246      9.3562
  L5     38,604,177,408      0.0378      1.2910     -9.3074     10.5516
  L6     38,604,177,408      0.0190      1.2928     -9.1371      9.8269
  L7     38,604,177,408      0.0126      1.3714     -9.6556     10.3007
  L8     38,604,177,408      0.0150      1.2588     -9.7193     11.0957
  L9     38,604,177,408      0.0071      1.2103    -10.7411     11.5178
  L10    38,604,177,408      0.0037      1.2582    -10.4605     10.1181
  L11    38,604,177,408     -0.0200      1.1640    -12.5595     10.7822

Probe: value_proj (XW_v + b_v)
  Layer            Count        Mean         Std         Min         Max
  ----------------------------------------------------------------------
  L0     38,604,177,408      0.0143      0.4317     -4.8747      3.7478
  L1     38,604,177,408     -0.0220      0.5021     -7.2890      6.2943
  L2     38,604,177,408      0.0062      0.5272     -5.9685      5.4320
  L3     38,604,177,408     -0.0131      0.5739     -6.3244      5.8045
  L4     38,604,177,408      0.0231      0.6622     -6.2898      6.6185
  L5     38,604,177,408     -0.0106      0.6264     -7.2567      7.5065
  L6     38,604,177,408     -0.0008      0.6551     -6.6249      6.8681
  L7     38,604,177,408      0.0087      0.5790     -5.8110      5.7893
  L8     38,604,177,408     -0.0063      0.7045     -6.5872      6.0207
  L9     38,604,177,408      0.0041      0.7077     -6.8218      7.4709
  L10    38,604,177,408      0.0019      0.6858    -14.7094     12.2724
  L11    38,604,177,408      0.0096      0.7642    -10.9750      9.2357

Probe: qkt_raw (QKᵀ (raw))
  Layer            Count        Mean         Std         Min         Max
  ----------------------------------------------------------------------
  L0     77,208,354,816      2.5130     18.5693    -95.4508    115.1568
  L1     77,208,354,816     -3.7651     15.5463   -173.1585    157.2901
  L2     77,208,354,816      1.3363     27.4463   -490.3665    499.2934
  L3     77,208,354,816      4.8267     18.2079   -167.9133    194.1060
  L4     77,208,354,816     -3.8180     17.0730   -144.7806    158.6392
  L5     77,208,354,816     -5.8556     20.8858   -193.7871    161.8092
  L6     77,208,354,816     -3.0141     21.5811   -191.2135    145.9466
  L7     77,208,354,816     -5.9436     22.2937   -195.0904    159.2479
  L8     77,208,354,816      2.1666     19.6293   -177.6797    181.2554
  L9     77,208,354,816      0.9796     19.5286   -175.5142    163.9861
  L10    77,208,354,816    -17.5096     19.9616   -201.1886    179.2812
  L11    77,208,354,816    -16.9592     17.8126   -230.1186    138.6312

Probe: attn_scores (QKᵀ/√dₖ + mask)
  Layer            Count        Mean         Std         Min         Max
  ----------------------------------------------------------------------
  L0     77,208,354,816-234476959383222270012995484585943891968.0000157508493390002163309925908363591286784.0000-340282346638528859811704183484516925440.0000     14.3946
  L1     77,208,354,816-234476959383222270012995484585943891968.0000157508493390002163309925908363591286784.0000-340282346638528859811704183484516925440.0000     17.9039
  L2     77,208,354,816-234476959383222270012995484585943891968.0000157508493390002163309925908363591286784.0000-340282346638528859811704183484516925440.0000     41.0681
  L3     77,208,354,816-234476959383222270012995484585943891968.0000157508493390002163309925908363591286784.0000-340282346638528859811704183484516925440.0000     24.2633
  L4     77,208,354,816-234476959383222270012995484585943891968.0000157508493390002163309925908363591286784.0000-340282346638528859811704183484516925440.0000     19.8299
  L5     77,208,354,816-234476959383222270012995484585943891968.0000157508493390002163309925908363591286784.0000-340282346638528859811704183484516925440.0000     20.2262
  L6     77,208,354,816-234476959383222270012995484585943891968.0000157508493390002163309925908363591286784.0000-340282346638528859811704183484516925440.0000     18.2433
  L7     77,208,354,816-234476959383222270012995484585943891968.0000157508493390002163309925908363591286784.0000-340282346638528859811704183484516925440.0000     19.9060
  L8     77,208,354,816-234476959383222270012995484585943891968.0000157508493390002163309925908363591286784.0000-340282346638528859811704183484516925440.0000     22.6569
  L9     77,208,354,816-234476959383222270012995484585943891968.0000157508493390002163309925908363591286784.0000-340282346638528859811704183484516925440.0000     20.4983
  L10    77,208,354,816-234476959383222270012995484585943891968.0000157508493390002163309925908363591286784.0000-340282346638528859811704183484516925440.0000     22.4102
  L11    77,208,354,816-234476959383222270012995484585943891968.0000157508493390002163309925908363591286784.0000-340282346638528859811704183484516925440.0000     17.3289

Probe: attn_probs (Softmax(scores))
  Layer            Count        Mean         Std         Min         Max
  ----------------------------------------------------------------------
  L0     77,208,354,816      0.0078      0.0501      0.0000      1.0000
  L1     77,208,354,816      0.0078      0.0471      0.0000      1.0000
  L2     77,208,354,816      0.0078      0.0435      0.0000      1.0000
  L3     77,208,354,816      0.0078      0.0372      0.0000      1.0000
  L4     77,208,354,816      0.0078      0.0379      0.0000      1.0000
  L5     77,208,354,816      0.0078      0.0465      0.0000      1.0000
  L6     77,208,354,816      0.0078      0.0452      0.0000      1.0000
  L7     77,208,354,816      0.0078      0.0483      0.0000      1.0000
  L8     77,208,354,816      0.0078      0.0445      0.0000      1.0000
  L9     77,208,354,816      0.0078      0.0443      0.0000      1.0000
  L10    77,208,354,816      0.0078      0.0438      0.0000      1.0000
  L11    77,208,354,816      0.0078      0.0392      0.0000      0.9999

Probe: attn_context (Softmax × V)
  Layer            Count        Mean         Std         Min         Max
  ----------------------------------------------------------------------
  L0     38,604,177,408     -0.0023      0.1747     -3.2336      3.4799
  L1     38,604,177,408     -0.0023      0.1934     -3.8913      3.9319
  L2     38,604,177,408      0.0069      0.2482     -4.3032      4.5306
  L3     38,604,177,408     -0.0002      0.2576     -4.2611      4.7391
  L4     38,604,177,408     -0.0003      0.2875     -5.6502      5.4298
  L5     38,604,177,408      0.0001      0.2849     -5.0545      5.3776
  L6     38,604,177,408     -0.0028      0.2857     -5.6702      5.9767
  L7     38,604,177,408      0.0008      0.2739     -4.6130      5.1853
  L8     38,604,177,408     -0.0027      0.3180     -5.8697      4.9636
  L9     38,604,177,408      0.0022      0.3028     -5.3565      6.3947
  L10    38,604,177,408      0.0004      0.2277     -9.9739      8.3873
  L11    38,604,177,408     -0.0000      0.2792    -10.2533      8.2447

Probe: attn_output (Attn × Wₒ)
  Layer            Count        Mean         Std         Min         Max
  ----------------------------------------------------------------------
  L0     38,604,177,408      0.0007      0.1982     -6.0277      5.5398
  L1     38,604,177,408      0.0011      0.1740     -3.8035      3.7664
  L2     38,604,177,408      0.0000      0.1968     -3.4184      3.5930
  L3     38,604,177,408     -0.0004      0.2274     -3.8602      3.6042
  L4     38,604,177,408      0.0004      0.2866     -4.4704      4.5943
  L5     38,604,177,408     -0.0012      0.2834     -5.0960      5.2277
  L6     38,604,177,408     -0.0001      0.2752     -4.0015      4.4177
  L7     38,604,177,408     -0.0001      0.2690     -4.0716      4.0024
  L8     38,604,177,408     -0.0007      0.2962     -5.5449      8.6072
  L9     38,604,177,408      0.0005      0.2969     -6.5291      5.6309
  L10    38,604,177,408     -0.0003      0.2170     -3.6392      3.5091
  L11    38,604,177,408     -0.0012      0.3121     -4.0937      3.8029

Probe: post_attn_ln (Post-Attn sub-block)
  Layer            Count        Mean         Std         Min         Max
  ----------------------------------------------------------------------
  L0     38,604,177,408     -0.0196      1.1298    -71.0282      9.9354
  L1     38,604,177,408     -0.0427      1.3685    -75.3491      5.7318
  L2     38,604,177,408     -0.0422      1.4574    -59.5672      5.9535
  L3     38,604,177,408     -0.0277      1.3089    -94.8818      6.2759
  L4     38,604,177,408     -0.0353      1.2873   -102.7979      6.2201
  L5     38,604,177,408     -0.0294      1.1426    -92.7637      6.4875
  L6     38,604,177,408     -0.0312      1.0870    -91.5374      7.2915
  L7     38,604,177,408     -0.0363      1.0197    -89.9490      7.6990
  L8     38,604,177,408     -0.0335      0.9814    -86.1227      7.6896
  L9     38,604,177,408     -0.0313      0.8865    -61.0188     18.1123
  L10    38,604,177,408     -0.0224      0.9146    -61.2478     21.2757
  L11    38,604,177,408     -0.0510      1.2486    -41.3200     13.7171

Probe: gelu_input (FFN1 (GELU in))
  Layer            Count        Mean         Std         Min         Max
  ----------------------------------------------------------------------
  L0     154,416,709,632     -2.2807      1.5814    -19.6012     14.6504
  L1     154,416,709,632     -1.9778      1.1936    -22.4228     12.0148
  L2     154,416,709,632     -2.0827      1.2328    -29.2589     65.7779
  L3     154,416,709,632     -1.8981      1.2714    -60.8188     11.0555
  L4     154,416,709,632     -1.9077      1.2325    -61.2356     11.9731
  L5     154,416,709,632     -1.7604      1.1669    -49.2964     12.9070
  L6     154,416,709,632     -1.7481      1.1178    -25.8164     10.1413
  L7     154,416,709,632     -1.5221      1.0377    -19.4709     11.0566
  L8     154,416,709,632     -1.4085      1.0135    -28.3485     35.3131
  L9     154,416,709,632     -1.5061      1.1173    -54.5335    100.5338
  L10    154,416,709,632     -1.4499      1.0340    -43.7923    150.2162
  L11    154,416,709,632     -1.2672      0.8753    -23.3563     20.0364

Probe: gelu_output (GELU output)
  Layer            Count        Mean         Std         Min         Max
  ----------------------------------------------------------------------
  L0     154,416,709,632      0.0099      0.3479     -0.1700     14.6504
  L1     154,416,709,632     -0.0316      0.2011     -0.1700     12.0148
  L2     154,416,709,632     -0.0308      0.2239     -0.1700     65.7779
  L3     154,416,709,632     -0.0302      0.1988     -0.1700     11.0555
  L4     154,416,709,632     -0.0335      0.1905     -0.1700     11.9731
  L5     154,416,709,632     -0.0426      0.1711     -0.1700     12.9070
  L6     154,416,709,632     -0.0441      0.1613     -0.1700     10.1413
  L7     154,416,709,632     -0.0506      0.1727     -0.1700     11.0566
  L8     154,416,709,632     -0.0504      0.1908     -0.1700     35.3131
  L9     154,416,709,632     -0.0584      0.2790     -0.1700    100.5338
  L10    154,416,709,632     -0.0643      0.4050     -0.1700    150.2162
  L11    154,416,709,632     -0.0708      0.1639     -0.1700     20.0364

Probe: ffn2_output (FFN2 output)
  Layer            Count        Mean         Std         Min         Max
  ----------------------------------------------------------------------
  L0     38,604,177,408     -0.0468      1.6827    -57.7790     17.6873
  L1     38,604,177,408     -0.0119      0.6765    -48.4292      5.5420
  L2     38,604,177,408     -0.0112      1.1336   -274.7511      6.6006
  L3     38,604,177,408      0.0023      0.6739   -135.4988      5.4821
  L4     38,604,177,408      0.0006      0.5225    -95.7036      5.4634
  L5     38,604,177,408     -0.0008      0.4642    -77.9739      5.3500
  L6     38,604,177,408      0.0014      0.3717    -45.1087      5.2616
  L7     38,604,177,408      0.0003      0.3635    -24.1715      4.9696
  L8     38,604,177,408     -0.0029      0.5701   -216.5822     62.6391
  L9     38,604,177,408     -0.0233      4.0191   -796.9056    548.3302
  L10    38,604,177,408     -0.0396      5.6932  -1140.1780     37.4865
  L11    38,604,177,408      0.0097      0.4056    -34.9761     14.4343

Probe: post_ffn_ln (Post-FFN sub-block)
  Layer            Count        Mean         Std         Min         Max
  ----------------------------------------------------------------------
  L0     38,604,177,408     -0.0192      0.5377    -10.3098      4.1521
  L1     38,604,177,408     -0.0171      0.6102    -11.4764      4.9104
  L2     38,604,177,408     -0.0179      0.6023    -14.7653      5.3571
  L3     38,604,177,408     -0.0277      0.6821    -13.9686      5.1741
  L4     38,604,177,408     -0.0254      0.7124    -14.9224      5.4646
  L5     38,604,177,408     -0.0282      0.7523    -15.9707      6.0155
  L6     38,604,177,408     -0.0295      0.7657    -16.4290      6.2091
  L7     38,604,177,408     -0.0334      0.8239    -21.6393      7.3446
  L8     38,604,177,408     -0.0360      0.8717    -26.3350     10.2976
  L9     38,604,177,408     -0.0354      0.8648    -27.3216      9.8751
  L10    38,604,177,408     -0.0423      0.9249    -30.5415      9.9568
  L11    38,604,177,408     -0.0101      0.4611    -10.2310      4.7234

Probe: ln1_input (LN₁ input (pre-norm))
  Layer            Count        Mean         Std         Min         Max
  ----------------------------------------------------------------------

Probe: ln1_output (LN₁ output (pre-norm))
  Layer            Count        Mean         Std         Min         Max
  ----------------------------------------------------------------------

Probe: ln2_input (LN₂ input (pre-norm))
  Layer            Count        Mean         Std         Min         Max
  ----------------------------------------------------------------------

Probe: ln2_output (LN₂ output (pre-norm))
  Layer            Count        Mean         Std         Min         Max
  ----------------------------------------------------------------------
