Model: textattack/bert-base-uncased-RTE  Arch: bert  Layers: 12

Probe: input_ids (Input IDs)  [global]
  Layer            Count        Mean         Std         Min         Max
  ----------------------------------------------------------------------
  All        318,720   2246.8474   4371.8898      0.0000  29646.0000

Probe: after_embed (After Embedding)  [global]
  Layer            Count        Mean         Std         Min         Max
  ----------------------------------------------------------------------
  All    244,776,960     -0.0259      0.5164    -11.1353      4.2443

Probe: query_proj (XW_q + b_q)
  Layer            Count        Mean         Std         Min         Max
  ----------------------------------------------------------------------
  L0        244,776,960      0.0043      0.9797     -7.6559      6.8579
  L1        244,776,960      0.0407      1.0483     -8.1014      8.4338
  L2        244,776,960      0.0429      1.2159    -11.8174     11.0589
  L3        244,776,960     -0.0151      1.1063     -8.2389      8.9580
  L4        244,776,960      0.0232      1.1742     -9.2993      9.4016
  L5        244,776,960     -0.0468      1.3113     -9.4677      9.3731
  L6        244,776,960     -0.0502      1.3429     -9.8199      9.3849
  L7        244,776,960     -0.0140      1.3452    -10.1157      9.5115
  L8        244,776,960     -0.0513      1.2592    -10.5494      8.7496
  L9        244,776,960     -0.0006      1.2363     -9.3207      8.4700
  L10       244,776,960     -0.0101      1.2481    -10.4951      8.6057
  L11       244,776,960      0.0193      1.2382     -9.1812     10.4801

Probe: key_proj (XW_k + b_k)
  Layer            Count        Mean         Std         Min         Max
  ----------------------------------------------------------------------
  L0        244,776,960     -0.0221      1.0828     -6.8755      9.1587
  L1        244,776,960     -0.0128      1.0848     -8.7096      8.1276
  L2        244,776,960      0.0177      1.1416     -9.1369      9.4417
  L3        244,776,960     -0.0072      1.1014     -8.1142      7.4035
  L4        244,776,960      0.0146      1.1306     -9.1490      8.6722
  L5        244,776,960      0.0354      1.3115     -8.9146      9.8869
  L6        244,776,960      0.0149      1.3183     -9.3019      9.7923
  L7        244,776,960      0.0293      1.3520     -9.1326      9.3789
  L8        244,776,960      0.0006      1.2274     -9.1978      9.4577
  L9        244,776,960     -0.0123      1.1668     -9.1651      9.1777
  L10       244,776,960      0.0083      1.2264     -9.2334      8.6815
  L11       244,776,960     -0.0142      1.1984    -10.9218     10.5195

Probe: value_proj (XW_v + b_v)
  Layer            Count        Mean         Std         Min         Max
  ----------------------------------------------------------------------
  L0        244,776,960      0.0088      0.4712     -5.0174      3.7864
  L1        244,776,960     -0.0150      0.5648     -6.3525      6.3622
  L2        244,776,960      0.0090      0.5787     -5.2198      4.9473
  L3        244,776,960      0.0012      0.6135     -5.2304      5.2875
  L4        244,776,960      0.0098      0.6901     -5.8458      6.1363
  L5        244,776,960     -0.0163      0.6839     -5.6856      6.1539
  L6        244,776,960     -0.0032      0.6771     -5.6251      5.4165
  L7        244,776,960      0.0112      0.6063     -4.8670      5.2156
  L8        244,776,960     -0.0066      0.7127     -5.5495      5.8929
  L9        244,776,960      0.0037      0.6943     -6.7882      6.1389
  L10       244,776,960      0.0143      0.6895     -9.7864     10.2654
  L11       244,776,960      0.0074      0.7398     -9.5324      7.9016

Probe: qkt_raw (QKᵀ (raw))
  Layer            Count        Mean         Std         Min         Max
  ----------------------------------------------------------------------
  L0        489,553,920      2.1286     18.0378    -98.7148    112.4171
  L1        489,553,920     -3.6562     16.8392   -160.4544    143.3499
  L2        489,553,920     -1.8416     26.9097   -353.6386    285.9394
  L3        489,553,920      2.4078     18.4531   -168.6880    150.4899
  L4        489,553,920     -5.9226     18.4469   -137.6177    128.2356
  L5        489,553,920    -10.7391     24.4828   -213.7281    140.6355
  L6        489,553,920     -7.7091     25.4008   -191.3574    152.8626
  L7        489,553,920     -9.9835     24.7526   -181.6461    147.4430
  L8        489,553,920     -0.4148     21.2748   -156.3976    141.8927
  L9        489,553,920      0.5896     17.7556   -133.0541    144.9415
  L10       489,553,920    -17.6898     19.5764   -174.2594    165.3029
  L11       489,553,920    -20.2128     17.2439   -197.2210    120.0376

Probe: attn_scores (QKᵀ/√dₖ + mask)
  Layer            Count        Mean         Std         Min         Max
  ----------------------------------------------------------------------
  L0        489,553,920-163329547530001702145412380696592252928.0000170004766440717506412291379198773166080.0000-340282346638528859811704183484516925440.0000     14.0521
  L1        489,553,920-163329547530001702145412380696592252928.0000170004766440717506412291379198773166080.0000-340282346638528859811704183484516925440.0000     17.9187
  L2        489,553,920-163329547530001702145412380696592252928.0000170004766440717506412291379198773166080.0000-340282346638528859811704183484516925440.0000     35.7424
  L3        489,553,920-163329547530001702145412380696592252928.0000170004766440717506412291379198773166080.0000-340282346638528859811704183484516925440.0000     18.8112
  L4        489,553,920-163329547530001702145412380696592252928.0000170004766440717506412291379198773166080.0000-340282346638528859811704183484516925440.0000     16.0294
  L5        489,553,920-163329547530001702145412380696592252928.0000170004766440717506412291379198773166080.0000-340282346638528859811704183484516925440.0000     17.5794
  L6        489,553,920-163329547530001702145412380696592252928.0000170004766440717506412291379198773166080.0000-340282346638528859811704183484516925440.0000     19.1078
  L7        489,553,920-163329547530001702145412380696592252928.0000170004766440717506412291379198773166080.0000-340282346638528859811704183484516925440.0000     18.4304
  L8        489,553,920-163329547530001702145412380696592252928.0000170004766440717506412291379198773166080.0000-340282346638528859811704183484516925440.0000     17.7366
  L9        489,553,920-163329547530001702145412380696592252928.0000170004766440717506412291379198773166080.0000-340282346638528859811704183484516925440.0000     18.1177
  L10       489,553,920-163329547530001702145412380696592252928.0000170004766440717506412291379198773166080.0000-340282346638528859811704183484516925440.0000     20.6629
  L11       489,553,920-163329547530001702145412380696592252928.0000170004766440717506412291379198773166080.0000-340282346638528859811704183484516925440.0000     15.0047

Probe: attn_probs (Softmax(scores))
  Layer            Count        Mean         Std         Min         Max
  ----------------------------------------------------------------------
  L0        489,553,920      0.0078      0.0413      0.0000      1.0000
  L1        489,553,920      0.0078      0.0414      0.0000      0.9999
  L2        489,553,920      0.0078      0.0442      0.0000      1.0000
  L3        489,553,920      0.0078      0.0390      0.0000      1.0000
  L4        489,553,920      0.0078      0.0403      0.0000      0.9996
  L5        489,553,920      0.0078      0.0462      0.0000      0.9999
  L6        489,553,920      0.0078      0.0462      0.0000      0.9999
  L7        489,553,920      0.0078      0.0479      0.0000      1.0000
  L8        489,553,920      0.0078      0.0403      0.0000      0.9994
  L9        489,553,920      0.0078      0.0390      0.0000      0.9991
  L10       489,553,920      0.0078      0.0444      0.0000      0.9997
  L11       489,553,920      0.0078      0.0392      0.0000      0.9990

Probe: attn_context (Softmax × V)
  Layer            Count        Mean         Std         Min         Max
  ----------------------------------------------------------------------
  L0        244,776,960     -0.0037      0.2007     -3.1122      3.4270
  L1        244,776,960      0.0022      0.2366     -3.5447      3.7730
  L2        244,776,960      0.0060      0.2712     -3.7393      4.0923
  L3        244,776,960      0.0057      0.2311     -3.6934      3.8679
  L4        244,776,960     -0.0044      0.2490     -4.3702      4.4220
  L5        244,776,960     -0.0025      0.2752     -4.3748      4.4558
  L6        244,776,960     -0.0009      0.2684     -5.2093      4.5376
  L7        244,776,960      0.0009      0.2588     -3.7354      4.0593
  L8        244,776,960     -0.0026      0.2969     -4.0440      4.0385
  L9        244,776,960      0.0012      0.2886     -4.6825      5.3327
  L10       244,776,960      0.0069      0.2239     -6.8163      8.0572
  L11       244,776,960      0.0033      0.2293     -6.2670      5.1789

Probe: attn_output (Attn × Wₒ)
  Layer            Count        Mean         Std         Min         Max
  ----------------------------------------------------------------------
  L0        244,776,960      0.0001      0.2314     -5.4843      5.4139
  L1        244,776,960     -0.0005      0.2271     -3.3580      4.3979
  L2        244,776,960      0.0013      0.2193     -2.9450      4.1648
  L3        244,776,960      0.0000      0.1956     -2.9743      2.8513
  L4        244,776,960      0.0012      0.2467     -3.6371      4.3363
  L5        244,776,960     -0.0009      0.2724     -3.4127      3.9934
  L6        244,776,960     -0.0002      0.2562     -3.3104      3.2750
  L7        244,776,960      0.0004      0.2478     -3.9916      2.7264
  L8        244,776,960     -0.0015      0.2705     -3.7668      6.7448
  L9        244,776,960      0.0001      0.2744     -3.8084      4.7515
  L10       244,776,960      0.0000      0.2021     -2.0223      3.4769
  L11       244,776,960      0.0004      0.2338     -3.1126      3.5467

Probe: post_attn_ln (Post-Attn sub-block)
  Layer            Count        Mean         Std         Min         Max
  ----------------------------------------------------------------------
  L0        244,776,960     -0.0229      1.1808    -66.6512      8.1626
  L1        244,776,960     -0.0393      1.3024    -69.5854      4.9862
  L2        244,776,960     -0.0384      1.3835    -55.6785      5.6448
  L3        244,776,960     -0.0258      1.2671    -95.0729      5.6449
  L4        244,776,960     -0.0334      1.2415   -102.6851      6.3107
  L5        244,776,960     -0.0287      1.1143    -93.0508      6.5680
  L6        244,776,960     -0.0311      1.0746    -91.7475      6.4139
  L7        244,776,960     -0.0378      1.0449    -89.9884      6.8758
  L8        244,776,960     -0.0374      1.0471    -86.8578      7.2455
  L9        244,776,960     -0.0331      0.9074    -58.0318     17.2869
  L10       244,776,960     -0.0244      0.9461    -60.7495     20.3031
  L11       244,776,960     -0.0495      1.2006    -40.7356     18.0947

Probe: gelu_input (FFN1 (GELU in))
  Layer            Count        Mean         Std         Min         Max
  ----------------------------------------------------------------------
  L0        979,107,840     -2.2695      1.5548    -18.6225     14.0740
  L1        979,107,840     -1.8632      1.2938    -21.5241     13.9926
  L2        979,107,840     -2.0974      1.2364    -25.4265     70.6244
  L3        979,107,840     -1.9844      1.2743    -60.6251      9.7617
  L4        979,107,840     -1.8900      1.2395    -61.2923     11.1116
  L5        979,107,840     -1.8174      1.2048    -49.3913     11.8941
  L6        979,107,840     -1.7805      1.1331    -25.7689      9.9253
  L7        979,107,840     -1.6229      1.0648    -18.3104      8.6345
  L8        979,107,840     -1.5196      1.0337    -23.7891     24.2688
  L9        979,107,840     -1.5779      1.1456    -48.0363    106.9501
  L10       979,107,840     -1.5301      1.0517    -37.2571    148.0110
  L11       979,107,840     -1.3290      0.8659    -20.3636     22.1254

Probe: gelu_output (GELU output)
  Layer            Count        Mean         Std         Min         Max
  ----------------------------------------------------------------------
  L0        979,107,840      0.0057      0.3361     -0.1700     14.0740
  L1        979,107,840     -0.0214      0.2398     -0.1700     13.9926
  L2        979,107,840     -0.0306      0.2258     -0.1700     70.6244
  L3        979,107,840     -0.0315      0.1853     -0.1700      9.7617
  L4        979,107,840     -0.0328      0.1933     -0.1700     11.1116
  L5        979,107,840     -0.0385      0.1768     -0.1700     11.8941
  L6        979,107,840     -0.0422      0.1632     -0.1700      9.9253
  L7        979,107,840     -0.0472      0.1749     -0.1700      8.6345
  L8        979,107,840     -0.0506      0.1796     -0.1700     24.2688
  L9        979,107,840     -0.0555      0.2727     -0.1700    106.9501
  L10       979,107,840     -0.0607      0.4124     -0.1700    148.0110
  L11       979,107,840     -0.0708      0.1582     -0.1700     22.1254

Probe: ffn2_output (FFN2 output)
  Layer            Count        Mean         Std         Min         Max
  ----------------------------------------------------------------------
  L0        244,776,960     -0.0370      1.6500    -61.2469     22.8474
  L1        244,776,960     -0.0096      0.6994    -47.7969      5.6527
  L2        244,776,960     -0.0062      1.2360   -298.4721      5.3890
  L3        244,776,960      0.0013      0.5902   -113.2000      4.5333
  L4        244,776,960     -0.0004      0.5209    -89.0320      5.0230
  L5        244,776,960     -0.0018      0.4564    -71.8967      5.1531
  L6        244,776,960      0.0006      0.3741    -42.9264      4.0493
  L7        244,776,960      0.0010      0.3638    -21.6441      3.5530
  L8        244,776,960     -0.0005      0.4750   -154.0880     45.9102
  L9        244,776,960     -0.0204      3.9132   -871.1558    597.8701
  L10       244,776,960     -0.0416      5.7883  -1121.0865     36.0748
  L11       244,776,960      0.0025      0.3254    -45.6963     14.4682

Probe: post_ffn_ln (Post-FFN sub-block)
  Layer            Count        Mean         Std         Min         Max
  ----------------------------------------------------------------------
  L0        244,776,960     -0.0203      0.5804    -10.0661      3.7006
  L1        244,776,960     -0.0174      0.6534    -11.3765      4.2704
  L2        244,776,960     -0.0188      0.6424    -14.8677      4.3722
  L3        244,776,960     -0.0275      0.7021    -13.6318      4.7230
  L4        244,776,960     -0.0257      0.7336    -14.7155      4.9492
  L5        244,776,960     -0.0282      0.7640    -15.6602      5.2906
  L6        244,776,960     -0.0289      0.7701    -16.0249      5.5793
  L7        244,776,960     -0.0310      0.7836    -20.5524      7.4558
  L8        244,776,960     -0.0324      0.8084    -25.0977     10.8032
  L9        244,776,960     -0.0339      0.8250    -26.0261     10.3907
  L10       244,776,960     -0.0405      0.8811    -30.1427     11.3822
  L11       244,776,960     -0.0104      0.4798    -10.1713      5.6135

Probe: ln1_input (LN₁ input (pre-norm))
  Layer            Count        Mean         Std         Min         Max
  ----------------------------------------------------------------------

Probe: ln1_output (LN₁ output (pre-norm))
  Layer            Count        Mean         Std         Min         Max
  ----------------------------------------------------------------------

Probe: ln2_input (LN₂ input (pre-norm))
  Layer            Count        Mean         Std         Min         Max
  ----------------------------------------------------------------------

Probe: ln2_output (LN₂ output (pre-norm))
  Layer            Count        Mean         Std         Min         Max
  ----------------------------------------------------------------------
