Model: textattack/bert-base-uncased-SST-2  Arch: bert  Layers: 12

Probe: input_ids (Input IDs)  [global]
  Layer            Count        Mean         Std         Min         Max
  ----------------------------------------------------------------------
  All      8,620,672    453.9312   2306.2344      0.0000  29667.0000

Probe: after_embed (After Embedding)  [global]
  Layer            Count        Mean         Std         Min         Max
  ----------------------------------------------------------------------
  All  6,620,676,096     -0.0560      0.4540    -11.1268      4.2331

Probe: query_proj (XW_q + b_q)
  Layer            Count        Mean         Std         Min         Max
  ----------------------------------------------------------------------
  L0      6,620,676,096      0.0046      0.9914     -7.6672      7.0562
  L1      6,620,676,096      0.0475      0.9240     -7.6891      8.2757
  L2      6,620,676,096      0.0509      1.0438    -13.1017     11.3123
  L3      6,620,676,096     -0.0176      0.9279     -8.0273      8.4789
  L4      6,620,676,096     -0.0048      1.0032     -8.9794      7.9824
  L5      6,620,676,096     -0.0439      1.1562     -8.7181      8.9493
  L6      6,620,676,096     -0.0488      1.1462     -8.9322      8.3508
  L7      6,620,676,096     -0.0132      1.1881     -9.8389      8.6464
  L8      6,620,676,096     -0.0516      1.1436     -8.9440      8.4504
  L9      6,620,676,096      0.0386      1.1741    -10.6041      9.3738
  L10     6,620,676,096     -0.0145      1.1760     -7.9019      9.3597
  L11     6,620,676,096      0.0353      1.1574     -6.9204      7.7303

Probe: key_proj (XW_k + b_k)
  Layer            Count        Mean         Std         Min         Max
  ----------------------------------------------------------------------
  L0      6,620,676,096     -0.0288      1.0609     -6.3772      8.7357
  L1      6,620,676,096     -0.0239      0.9755     -6.9736      7.2173
  L2      6,620,676,096      0.0471      1.0066    -10.8779     10.6573
  L3      6,620,676,096     -0.0048      0.9430     -7.0314      7.3429
  L4      6,620,676,096      0.0022      0.9500     -7.8240      7.8405
  L5      6,620,676,096      0.0382      1.0944     -8.4045      8.2977
  L6      6,620,676,096      0.0145      1.1136     -7.9555      9.0537
  L7      6,620,676,096      0.0085      1.1437     -9.2373      8.2898
  L8      6,620,676,096     -0.0071      1.0518     -7.8479      8.2909
  L9      6,620,676,096     -0.0077      1.0707     -7.3286      9.6798
  L10     6,620,676,096     -0.0207      1.1656     -8.6146      7.7310
  L11     6,620,676,096      0.0059      1.0708     -7.2414      6.7662

Probe: value_proj (XW_v + b_v)
  Layer            Count        Mean         Std         Min         Max
  ----------------------------------------------------------------------
  L0      6,620,676,096      0.0227      0.3919     -3.9379      3.5491
  L1      6,620,676,096     -0.0280      0.4544     -5.9069      5.4877
  L2      6,620,676,096      0.0039      0.4626     -4.6208      4.8415
  L3      6,620,676,096     -0.0194      0.5058     -5.2305      5.5597
  L4      6,620,676,096      0.0261      0.5727     -5.5641      5.6313
  L5      6,620,676,096     -0.0172      0.5370     -5.6178      6.3039
  L6      6,620,676,096     -0.0023      0.5498     -5.6836      5.5280
  L7      6,620,676,096      0.0019      0.5030     -5.6124      5.4591
  L8      6,620,676,096     -0.0107      0.6452     -5.6357      5.8155
  L9      6,620,676,096      0.0018      0.6551     -6.8334      5.3343
  L10     6,620,676,096     -0.0003      0.6692     -4.8851      6.1764
  L11     6,620,676,096      0.0017      0.8161     -6.3717      5.9839

Probe: qkt_raw (QKᵀ (raw))
  Layer            Count        Mean         Std         Min         Max
  ----------------------------------------------------------------------
  L0     13,241,352,192      6.6194     18.7280    -85.1954     99.5544
  L1     13,241,352,192     -2.5080     14.3622   -110.4276    131.6034
  L2     13,241,352,192     -0.4874     24.6970   -389.1488    414.7655
  L3     13,241,352,192      4.5393     15.7299   -116.4456    145.9224
  L4     13,241,352,192     -4.1672     14.4025   -109.6947    127.2713
  L5     13,241,352,192     -6.9923     19.2216   -186.0642    124.4285
  L6     13,241,352,192     -2.8952     19.3434   -162.8749    135.3116
  L7     13,241,352,192     -3.4685     18.1941   -148.9916    140.7082
  L8     13,241,352,192      6.5501     14.0499   -111.6158    150.0949
  L9     13,241,352,192     13.1074     16.2729   -168.2152    132.7661
  L10    13,241,352,192      2.3413     22.2680   -141.5499    179.4271
  L11    13,241,352,192      0.0707     13.8465    -96.7366     99.5160

Probe: attn_scores (QKᵀ/√dₖ + mask)
  Layer            Count        Mean         Std         Min         Max
  ----------------------------------------------------------------------
  L0     13,241,352,192-304873675951802910014137431645615030272.0000103899815172254396112126283656502181888.0000-340282346638528859811704183484516925440.0000     12.4443
  L1     13,241,352,192-304873675951802910014137431645615030272.0000103899815172254396112126283656502181888.0000-340282346638528859811704183484516925440.0000     16.4504
  L2     13,241,352,192-304873675951802910014137431645615030272.0000103899815172254396112126283656502181888.0000-340282346638528859811704183484516925440.0000     36.2961
  L3     13,241,352,192-304873675951802910014137431645615030272.0000103899815172254396112126283656502181888.0000-340282346638528859811704183484516925440.0000     18.2403
  L4     13,241,352,192-304873675951802910014137431645615030272.0000103899815172254396112126283656502181888.0000-340282346638528859811704183484516925440.0000     15.9089
  L5     13,241,352,192-304873675951802910014137431645615030272.0000103899815172254396112126283656502181888.0000-340282346638528859811704183484516925440.0000     15.5536
  L6     13,241,352,192-304873675951802910014137431645615030272.0000103899815172254396112126283656502181888.0000-340282346638528859811704183484516925440.0000     16.9140
  L7     13,241,352,192-304873675951802910014137431645615030272.0000103899815172254396112126283656502181888.0000-340282346638528859811704183484516925440.0000     17.5885
  L8     13,241,352,192-304873675951802910014137431645615030272.0000103899815172254396112126283656502181888.0000-340282346638528859811704183484516925440.0000     18.7619
  L9     13,241,352,192-304873675951802910014137431645615030272.0000103899815172254396112126283656502181888.0000-340282346638528859811704183484516925440.0000     16.5958
  L10    13,241,352,192-304873675951802910014137431645615030272.0000103899815172254396112126283656502181888.0000-340282346638528859811704183484516925440.0000     22.4284
  L11    13,241,352,192-304873675951802910014137431645615030272.0000103899815172254396112126283656502181888.0000-340282346638528859811704183484516925440.0000     12.4395

Probe: attn_probs (Softmax(scores))
  Layer            Count        Mean         Std         Min         Max
  ----------------------------------------------------------------------
  L0     13,241,352,192      0.0078      0.0606      0.0000      1.0000
  L1     13,241,352,192      0.0078      0.0566      0.0000      0.9999
  L2     13,241,352,192      0.0078      0.0567      0.0000      1.0000
  L3     13,241,352,192      0.0078      0.0506      0.0000      0.9999
  L4     13,241,352,192      0.0078      0.0594      0.0000      0.9999
  L5     13,241,352,192      0.0078      0.0743      0.0000      0.9999
  L6     13,241,352,192      0.0078      0.0665      0.0000      0.9999
  L7     13,241,352,192      0.0078      0.0676      0.0000      1.0000
  L8     13,241,352,192      0.0078      0.0612      0.0000      1.0000
  L9     13,241,352,192      0.0078      0.0517      0.0000      0.9999
  L10    13,241,352,192      0.0078      0.0539      0.0000      1.0000
  L11    13,241,352,192      0.0078      0.0461      0.0000      0.9999

Probe: attn_context (Softmax × V)
  Layer            Count        Mean         Std         Min         Max
  ----------------------------------------------------------------------
  L0      6,620,676,096     -0.0045      0.1859     -3.1805      3.4683
  L1      6,620,676,096     -0.0029      0.2044     -4.8548      3.3802
  L2      6,620,676,096      0.0076      0.1991     -3.8001      4.0406
  L3      6,620,676,096      0.0050      0.1861     -3.9624      3.5895
  L4      6,620,676,096     -0.0013      0.2047     -4.5678      4.7949
  L5      6,620,676,096      0.0007      0.1551     -4.4478      4.6774
  L6      6,620,676,096      0.0016      0.2214     -5.0113      5.3786
  L7      6,620,676,096     -0.0047      0.2430     -4.6793      4.6393
  L8      6,620,676,096     -0.0003      0.2984     -4.6104      4.7660
  L9      6,620,676,096     -0.0039      0.3735     -4.6124      4.3635
  L10     6,620,676,096     -0.0038      0.4148     -3.8214      5.0334
  L11     6,620,676,096     -0.0016      0.4861     -4.1959      4.0482

Probe: attn_output (Attn × Wₒ)
  Layer            Count        Mean         Std         Min         Max
  ----------------------------------------------------------------------
  L0      6,620,676,096      0.0004      0.2074     -5.0053      5.4598
  L1      6,620,676,096      0.0010      0.1874     -3.3519      3.4468
  L2      6,620,676,096      0.0007      0.1596     -2.9749      3.0852
  L3      6,620,676,096     -0.0004      0.1589     -3.0827      3.0194
  L4      6,620,676,096     -0.0008      0.2052     -3.9545      3.9285
  L5      6,620,676,096      0.0004      0.1533     -3.6556      4.6953
  L6      6,620,676,096      0.0001      0.2132     -3.4722      3.6736
  L7      6,620,676,096     -0.0000      0.2333     -3.7801      3.6128
  L8      6,620,676,096     -0.0004      0.2807     -4.5338      7.9818
  L9      6,620,676,096      0.0004      0.4000     -5.5828      4.7209
  L10     6,620,676,096     -0.0002      0.4361     -3.4369      3.5765
  L11     6,620,676,096     -0.0019      0.5532     -3.8888      5.3054

Probe: post_attn_ln (Post-Attn sub-block)
  Layer            Count        Mean         Std         Min         Max
  ----------------------------------------------------------------------
  L0      6,620,676,096     -0.0175      1.0658    -66.7845      8.9244
  L1      6,620,676,096     -0.0453      1.3966    -72.7767      5.6757
  L2      6,620,676,096     -0.0470      1.5630    -57.9404      6.0418
  L3      6,620,676,096     -0.0304      1.3605    -95.0528      5.9133
  L4      6,620,676,096     -0.0369      1.3218   -102.9373      5.9577
  L5      6,620,676,096     -0.0323      1.1687    -93.0899      5.7836
  L6      6,620,676,096     -0.0338      1.1009    -91.7864      6.2614
  L7      6,620,676,096     -0.0382      1.0057    -89.9020      7.3406
  L8      6,620,676,096     -0.0349      0.9563    -85.3557      7.6029
  L9      6,620,676,096     -0.0322      0.8582    -54.7324     17.3624
  L10     6,620,676,096     -0.0213      0.8713    -56.7267     20.8864
  L11     6,620,676,096     -0.0473      1.1063    -38.4359     18.6031

Probe: gelu_input (FFN1 (GELU in))
  Layer            Count        Mean         Std         Min         Max
  ----------------------------------------------------------------------
  L0     26,482,704,384     -2.4659      1.6469    -19.4553     13.9024
  L1     26,482,704,384     -1.8660      1.1871    -21.5209     10.4062
  L2     26,482,704,384     -2.0289      1.1794    -27.1192     60.4816
  L3     26,482,704,384     -1.7950      1.1785    -60.6544      9.8863
  L4     26,482,704,384     -1.6759      1.1451    -61.5430     11.9261
  L5     26,482,704,384     -1.6850      1.0416    -49.3640     12.9174
  L6     26,482,704,384     -1.6553      1.0192    -25.8444     10.4174
  L7     26,482,704,384     -1.4169      0.9767    -19.4082     10.4643
  L8     26,482,704,384     -1.3713      0.9387    -23.2659     30.2847
  L9     26,482,704,384     -1.2852      1.0074    -46.6685     96.0285
  L10    26,482,704,384     -1.2443      0.9714    -32.2043    141.5370
  L11    26,482,704,384     -1.0650      0.9531    -17.6917     10.0026

Probe: gelu_output (GELU output)
  Layer            Count        Mean         Std         Min         Max
  ----------------------------------------------------------------------
  L0     26,482,704,384      0.0161      0.3747     -0.1700     13.9024
  L1     26,482,704,384     -0.0276      0.2280     -0.1700     10.4062
  L2     26,482,704,384     -0.0365      0.1867     -0.1700     60.4816
  L3     26,482,704,384     -0.0377      0.1786     -0.1700      9.8863
  L4     26,482,704,384     -0.0385      0.2085     -0.1700     11.9261
  L5     26,482,704,384     -0.0550      0.1470     -0.1700     12.9174
  L6     26,482,704,384     -0.0534      0.1457     -0.1700     10.4174
  L7     26,482,704,384     -0.0598      0.1634     -0.1700     10.4643
  L8     26,482,704,384     -0.0624      0.1650     -0.1700     30.2847
  L9     26,482,704,384     -0.0564      0.2284     -0.1700     96.0285
  L10    26,482,704,384     -0.0530      0.2959     -0.1700    141.5370
  L11    26,482,704,384     -0.0405      0.2510     -0.1700     10.0026

Probe: ffn2_output (FFN2 output)
  Layer            Count        Mean         Std         Min         Max
  ----------------------------------------------------------------------
  L0      6,620,676,096     -0.0594      1.9873    -60.3004     15.5268
  L1      6,620,676,096     -0.0194      0.8793    -65.5683      6.0770
  L2      6,620,676,096     -0.0094      0.8065   -252.7168      6.9896
  L3      6,620,676,096      0.0039      0.4988   -107.1900      5.7678
  L4      6,620,676,096      0.0021      0.4515    -91.5998      5.5223
  L5      6,620,676,096      0.0001      0.3549    -71.4209      5.1944
  L6      6,620,676,096     -0.0007      0.3160    -42.6102      4.2973
  L7      6,620,676,096     -0.0015      0.3432    -19.6400      4.8818
  L8      6,620,676,096      0.0002      0.3699   -179.8315     50.7207
  L9      6,620,676,096     -0.0042      1.9290   -759.9905    528.9149
  L10     6,620,676,096     -0.0177      3.2695  -1075.1146     34.8879
  L11     6,620,676,096     -0.0008      0.5000    -22.0410     14.7452

Probe: post_ffn_ln (Post-FFN sub-block)
  Layer            Count        Mean         Std         Min         Max
  ----------------------------------------------------------------------
  L0      6,620,676,096     -0.0180      0.4848    -10.1607      3.6995
  L1      6,620,676,096     -0.0161      0.5579    -11.4536      4.5374
  L2      6,620,676,096     -0.0171      0.5554    -14.7746      4.5431
  L3      6,620,676,096     -0.0274      0.6563    -13.8280      4.5706
  L4      6,620,676,096     -0.0254      0.6921    -15.0781      4.7430
  L5      6,620,676,096     -0.0278      0.7378    -16.2001      5.0586
  L6      6,620,676,096     -0.0286      0.7559    -16.4869      5.4929
  L7      6,620,676,096     -0.0338      0.8450    -21.1907      9.7080
  L8      6,620,676,096     -0.0365      0.8926    -24.9520     13.3682
  L9      6,620,676,096     -0.0374      0.8891    -25.7053     13.8559
  L10     6,620,676,096     -0.0419      0.9086    -27.8732     12.3088
  L11     6,620,676,096     -0.0119      0.5267     -9.5953      5.5291

Probe: ln1_input (LN₁ input (pre-norm))
  Layer            Count        Mean         Std         Min         Max
  ----------------------------------------------------------------------

Probe: ln1_output (LN₁ output (pre-norm))
  Layer            Count        Mean         Std         Min         Max
  ----------------------------------------------------------------------

Probe: ln2_input (LN₂ input (pre-norm))
  Layer            Count        Mean         Std         Min         Max
  ----------------------------------------------------------------------

Probe: ln2_output (LN₂ output (pre-norm))
  Layer            Count        Mean         Std         Min         Max
  ----------------------------------------------------------------------
