/var/tmp/root-home/miniconda3/envs/llm_ist/lib/python3.10/site-packages/transformers/utils/generic.py:441: FutureWarning: `torch.utils._pytree._register_pytree_node` is deprecated. Please use `torch.utils._pytree.register_pytree_node` instead.
  _torch_pytree._register_pytree_node(
/var/tmp/root-home/miniconda3/envs/llm_ist/lib/python3.10/site-packages/transformers/utils/hub.py:123: FutureWarning: Using `TRANSFORMERS_CACHE` is deprecated and will be removed in v5 of Transformers. Use `HF_HOME` instead.
  warnings.warn(
/var/tmp/root-home/miniconda3/envs/llm_ist/lib/python3.10/site-packages/transformers/utils/generic.py:309: FutureWarning: `torch.utils._pytree._register_pytree_node` is deprecated. Please use `torch.utils._pytree.register_pytree_node` instead.
  _torch_pytree._register_pytree_node(
/var/tmp/root-home/miniconda3/envs/llm_ist/lib/python3.10/site-packages/transformers/utils/generic.py:309: FutureWarning: `torch.utils._pytree._register_pytree_node` is deprecated. Please use `torch.utils._pytree.register_pytree_node` instead.
  _torch_pytree._register_pytree_node(
== block2
rte 603c2cb75df21570d0dc14d65d5be4d143bad7b63a1e6b9d4b189df6977f05e5 [14, 14, 14, 14, 14, 14, 14, 14, 14, 0, 0, 14, 14, 14, 0, 0, 0, 0, 14, 14, 0, 14, 3] [0, 2, 3, 5, 6, 8, 18, 21] [[0, 1, 2, 3, 4, 5, 6, 7, 8, 9, 10, 11, 12, 13, 14], [0, 5, 6, 7, 8, 9, 10, 11, 12, 13, 14], [0, 3, 4, 5, 6, 7, 8, 9, 10, 11, 12, 13, 14], [0, 10, 11, 12, 13, 14], [0, 10, 11, 12, 13, 14], [1, 2, 3, 4, 5, 6, 7, 8, 9, 10, 11, 12, 13, 14], [1, 2, 3, 4, 5, 6, 7, 8, 9, 10, 11, 12, 13, 14], [1, 2, 3, 4, 5, 6, 7, 8, 9, 10, 11, 12, 13, 14]]
sst2 603c2cb75df21570d0dc14d65d5be4d143bad7b63a1e6b9d4b189df6977f05e5 [14, 14, 14, 14, 14, 14, 14, 14, 14, 0, 0, 14, 14, 14, 0, 0, 0, 0, 14, 14, 0, 14, 3] [0, 2, 3, 5, 6, 8, 18, 21] [[0, 1, 2, 3, 4, 5, 6, 7, 8, 9, 10, 11, 12, 13, 14], [0, 5, 6, 7, 8, 9, 10, 11, 12, 13, 14], [0, 3, 4, 5, 6, 7, 8, 9, 10, 11, 12, 13, 14], [0, 10, 11, 12, 13, 14], [0, 10, 11, 12, 13, 14], [1, 2, 3, 4, 5, 6, 7, 8, 9, 10, 11, 12, 13, 14], [1, 2, 3, 4, 5, 6, 7, 8, 9, 10, 11, 12, 13, 14], [1, 2, 3, 4, 5, 6, 7, 8, 9, 10, 11, 12, 13, 14]]
mrpc_large 603c2cb75df21570d0dc14d65d5be4d143bad7b63a1e6b9d4b189df6977f05e5 [14, 14, 14, 14, 14, 14, 14, 14, 14, 0, 0, 14, 14, 14, 0, 0, 0, 0, 14, 14, 0, 14, 3] [0, 2, 3, 5, 6, 8, 18, 21] [[0, 1, 2, 3, 4, 5, 6, 7, 8, 9, 10, 11, 12, 13, 14], [0, 5, 6, 7, 8, 9, 10, 11, 12, 13, 14], [0, 3, 4, 5, 6, 7, 8, 9, 10, 11, 12, 13, 14], [0, 10, 11, 12, 13, 14], [0, 10, 11, 12, 13, 14], [1, 2, 3, 4, 5, 6, 7, 8, 9, 10, 11, 12, 13, 14], [1, 2, 3, 4, 5, 6, 7, 8, 9, 10, 11, 12, 13, 14], [1, 2, 3, 4, 5, 6, 7, 8, 9, 10, 11, 12, 13, 14]]
rte_large 603c2cb75df21570d0dc14d65d5be4d143bad7b63a1e6b9d4b189df6977f05e5 [14, 14, 14, 14, 14, 14, 14, 14, 14, 0, 0, 14, 14, 14, 0, 0, 0, 0, 14, 14, 0, 14, 3] [0, 2, 3, 5, 6, 8, 18, 21] [[0, 1, 2, 3, 4, 5, 6, 7, 8, 9, 10, 11, 12, 13, 14], [0, 5, 6, 7, 8, 9, 10, 11, 12, 13, 14], [0, 3, 4, 5, 6, 7, 8, 9, 10, 11, 12, 13, 14], [0, 10, 11, 12, 13, 14], [0, 10, 11, 12, 13, 14], [1, 2, 3, 4, 5, 6, 7, 8, 9, 10, 11, 12, 13, 14], [1, 2, 3, 4, 5, 6, 7, 8, 9, 10, 11, 12, 13, 14], [1, 2, 3, 4, 5, 6, 7, 8, 9, 10, 11, 12, 13, 14]]
sst2_large 603c2cb75df21570d0dc14d65d5be4d143bad7b63a1e6b9d4b189df6977f05e5 [14, 14, 14, 14, 14, 14, 14, 14, 14, 0, 0, 14, 14, 14, 0, 0, 0, 0, 14, 14, 0, 14, 3] [0, 2, 3, 5, 6, 8, 18, 21] [[0, 1, 2, 3, 4, 5, 6, 7, 8, 9, 10, 11, 12, 13, 14], [0, 5, 6, 7, 8, 9, 10, 11, 12, 13, 14], [0, 3, 4, 5, 6, 7, 8, 9, 10, 11, 12, 13, 14], [0, 10, 11, 12, 13, 14], [0, 10, 11, 12, 13, 14], [1, 2, 3, 4, 5, 6, 7, 8, 9, 10, 11, 12, 13, 14], [1, 2, 3, 4, 5, 6, 7, 8, 9, 10, 11, 12, 13, 14], [1, 2, 3, 4, 5, 6, 7, 8, 9, 10, 11, 12, 13, 14]]
IDENTICAL True
== block5_n1
rte a8b03b71ece05bd152d101e64047d7c7ed7b118a1e8cce1173a66ca1b326dde0 [14, 14, 14, 14, 14, 14, 0, 0, 0, 0, 0, 14, 0, 0, 0, 3] [1, 2, 3, 4, 5, 11] [[0, 1, 2, 3, 4, 5, 6, 7, 8, 9, 10, 11, 12, 13, 14], [0, 5, 6, 7, 8, 9, 10, 11, 12, 13, 14], [0, 3, 4, 5, 6, 7, 8, 9, 10, 11, 12, 13, 14], [0, 5, 6, 7, 8, 9, 10, 11, 12, 13, 14], [1, 2, 3, 4, 5, 6, 7, 8, 9, 10, 11, 12, 13, 14], [1, 2, 3, 4, 5, 6, 7, 8, 9, 10, 11, 12, 13, 14]]
sst2 a8b03b71ece05bd152d101e64047d7c7ed7b118a1e8cce1173a66ca1b326dde0 [14, 14, 14, 14, 14, 14, 0, 0, 0, 0, 0, 14, 0, 0, 0, 3] [1, 2, 3, 4, 5, 11] [[0, 1, 2, 3, 4, 5, 6, 7, 8, 9, 10, 11, 12, 13, 14], [0, 5, 6, 7, 8, 9, 10, 11, 12, 13, 14], [0, 3, 4, 5, 6, 7, 8, 9, 10, 11, 12, 13, 14], [0, 5, 6, 7, 8, 9, 10, 11, 12, 13, 14], [1, 2, 3, 4, 5, 6, 7, 8, 9, 10, 11, 12, 13, 14], [1, 2, 3, 4, 5, 6, 7, 8, 9, 10, 11, 12, 13, 14]]
mrpc_large a8b03b71ece05bd152d101e64047d7c7ed7b118a1e8cce1173a66ca1b326dde0 [14, 14, 14, 14, 14, 14, 0, 0, 0, 0, 0, 14, 0, 0, 0, 3] [1, 2, 3, 4, 5, 11] [[0, 1, 2, 3, 4, 5, 6, 7, 8, 9, 10, 11, 12, 13, 14], [0, 5, 6, 7, 8, 9, 10, 11, 12, 13, 14], [0, 3, 4, 5, 6, 7, 8, 9, 10, 11, 12, 13, 14], [0, 5, 6, 7, 8, 9, 10, 11, 12, 13, 14], [1, 2, 3, 4, 5, 6, 7, 8, 9, 10, 11, 12, 13, 14], [1, 2, 3, 4, 5, 6, 7, 8, 9, 10, 11, 12, 13, 14]]
rte_large a8b03b71ece05bd152d101e64047d7c7ed7b118a1e8cce1173a66ca1b326dde0 [14, 14, 14, 14, 14, 14, 0, 0, 0, 0, 0, 14, 0, 0, 0, 3] [1, 2, 3, 4, 5, 11] [[0, 1, 2, 3, 4, 5, 6, 7, 8, 9, 10, 11, 12, 13, 14], [0, 5, 6, 7, 8, 9, 10, 11, 12, 13, 14], [0, 3, 4, 5, 6, 7, 8, 9, 10, 11, 12, 13, 14], [0, 5, 6, 7, 8, 9, 10, 11, 12, 13, 14], [1, 2, 3, 4, 5, 6, 7, 8, 9, 10, 11, 12, 13, 14], [1, 2, 3, 4, 5, 6, 7, 8, 9, 10, 11, 12, 13, 14]]
sst2_large a8b03b71ece05bd152d101e64047d7c7ed7b118a1e8cce1173a66ca1b326dde0 [14, 14, 14, 14, 14, 14, 0, 0, 0, 0, 0, 14, 0, 0, 0, 3] [1, 2, 3, 4, 5, 11] [[0, 1, 2, 3, 4, 5, 6, 7, 8, 9, 10, 11, 12, 13, 14], [0, 5, 6, 7, 8, 9, 10, 11, 12, 13, 14], [0, 3, 4, 5, 6, 7, 8, 9, 10, 11, 12, 13, 14], [0, 5, 6, 7, 8, 9, 10, 11, 12, 13, 14], [1, 2, 3, 4, 5, 6, 7, 8, 9, 10, 11, 12, 13, 14], [1, 2, 3, 4, 5, 6, 7, 8, 9, 10, 11, 12, 13, 14]]
IDENTICAL True
== block5_n2
rte 60171ac469a49784d39c75565d130cf1a1f7ced83285b1b878c9675354a8f508 [14, 14, 14, 14, 14, 14, 0, 14, 0, 0, 0, 14, 0, 0, 0, 3] [1, 2, 3, 4, 5, 7, 11] [[0, 1, 2, 3, 4, 5, 6, 7, 8, 9, 10, 11, 12, 13, 14], [0, 5, 6, 7, 8, 9, 10, 11, 12, 13, 14], [0, 3, 4, 5, 6, 7, 8, 9, 10, 11, 12, 13, 14], [0, 5, 6, 7, 8, 9, 10, 11, 12, 13, 14], [1, 2, 3, 4, 5, 6, 7, 8, 9, 10, 11, 12, 13, 14], [1, 2, 3, 4, 5, 6, 7, 8, 9, 10, 11, 12, 13, 14], [1, 2, 3, 4, 5, 6, 7, 8, 9, 10, 11, 12, 13, 14]]
sst2 60171ac469a49784d39c75565d130cf1a1f7ced83285b1b878c9675354a8f508 [14, 14, 14, 14, 14, 14, 0, 14, 0, 0, 0, 14, 0, 0, 0, 3] [1, 2, 3, 4, 5, 7, 11] [[0, 1, 2, 3, 4, 5, 6, 7, 8, 9, 10, 11, 12, 13, 14], [0, 5, 6, 7, 8, 9, 10, 11, 12, 13, 14], [0, 3, 4, 5, 6, 7, 8, 9, 10, 11, 12, 13, 14], [0, 5, 6, 7, 8, 9, 10, 11, 12, 13, 14], [1, 2, 3, 4, 5, 6, 7, 8, 9, 10, 11, 12, 13, 14], [1, 2, 3, 4, 5, 6, 7, 8, 9, 10, 11, 12, 13, 14], [1, 2, 3, 4, 5, 6, 7, 8, 9, 10, 11, 12, 13, 14]]
mrpc_large 60171ac469a49784d39c75565d130cf1a1f7ced83285b1b878c9675354a8f508 [14, 14, 14, 14, 14, 14, 0, 14, 0, 0, 0, 14, 0, 0, 0, 3] [1, 2, 3, 4, 5, 7, 11] [[0, 1, 2, 3, 4, 5, 6, 7, 8, 9, 10, 11, 12, 13, 14], [0, 5, 6, 7, 8, 9, 10, 11, 12, 13, 14], [0, 3, 4, 5, 6, 7, 8, 9, 10, 11, 12, 13, 14], [0, 5, 6, 7, 8, 9, 10, 11, 12, 13, 14], [1, 2, 3, 4, 5, 6, 7, 8, 9, 10, 11, 12, 13, 14], [1, 2, 3, 4, 5, 6, 7, 8, 9, 10, 11, 12, 13, 14], [1, 2, 3, 4, 5, 6, 7, 8, 9, 10, 11, 12, 13, 14]]
rte_large 60171ac469a49784d39c75565d130cf1a1f7ced83285b1b878c9675354a8f508 [14, 14, 14, 14, 14, 14, 0, 14, 0, 0, 0, 14, 0, 0, 0, 3] [1, 2, 3, 4, 5, 7, 11] [[0, 1, 2, 3, 4, 5, 6, 7, 8, 9, 10, 11, 12, 13, 14], [0, 5, 6, 7, 8, 9, 10, 11, 12, 13, 14], [0, 3, 4, 5, 6, 7, 8, 9, 10, 11, 12, 13, 14], [0, 5, 6, 7, 8, 9, 10, 11, 12, 13, 14], [1, 2, 3, 4, 5, 6, 7, 8, 9, 10, 11, 12, 13, 14], [1, 2, 3, 4, 5, 6, 7, 8, 9, 10, 11, 12, 13, 14], [1, 2, 3, 4, 5, 6, 7, 8, 9, 10, 11, 12, 13, 14]]
sst2_large 60171ac469a49784d39c75565d130cf1a1f7ced83285b1b878c9675354a8f508 [14, 14, 14, 14, 14, 14, 0, 14, 0, 0, 0, 14, 0, 0, 0, 3] [1, 2, 3, 4, 5, 7, 11] [[0, 1, 2, 3, 4, 5, 6, 7, 8, 9, 10, 11, 12, 13, 14], [0, 5, 6, 7, 8, 9, 10, 11, 12, 13, 14], [0, 3, 4, 5, 6, 7, 8, 9, 10, 11, 12, 13, 14], [0, 5, 6, 7, 8, 9, 10, 11, 12, 13, 14], [1, 2, 3, 4, 5, 6, 7, 8, 9, 10, 11, 12, 13, 14], [1, 2, 3, 4, 5, 6, 7, 8, 9, 10, 11, 12, 13, 14], [1, 2, 3, 4, 5, 6, 7, 8, 9, 10, 11, 12, 13, 14]]
IDENTICAL True
== block5_n4
rte 768e934c1730eecdac222a1c1ae97b0784e83c9f07300b1f7556703cc3893e60 [14, 14, 14, 14, 14, 14, 0, 14, 14, 0, 0, 14, 0, 0, 0, 3] [1, 2, 3, 4, 5, 7, 8, 11] [[0, 1, 2, 3, 4, 5, 6, 7, 8, 9, 10, 11, 12, 13, 14], [0, 5, 6, 7, 8, 9, 10, 11, 12, 13, 14], [0, 3, 4, 5, 6, 7, 8, 9, 10, 11, 12, 13, 14], [0, 5, 6, 7, 8, 9, 10, 11, 12, 13, 14], [1, 2, 3, 4, 5, 6, 7, 8, 9, 10, 11, 12, 13, 14], [1, 2, 3, 4, 5, 6, 7, 8, 9, 10, 11, 12, 13, 14], [1, 2, 3, 4, 5, 6, 7, 8, 9, 10, 11, 12, 13, 14], [1, 2, 3, 4, 5, 6, 7, 8, 9, 10, 11, 12, 13, 14]]
sst2 768e934c1730eecdac222a1c1ae97b0784e83c9f07300b1f7556703cc3893e60 [14, 14, 14, 14, 14, 14, 0, 14, 14, 0, 0, 14, 0, 0, 0, 3] [1, 2, 3, 4, 5, 7, 8, 11] [[0, 1, 2, 3, 4, 5, 6, 7, 8, 9, 10, 11, 12, 13, 14], [0, 5, 6, 7, 8, 9, 10, 11, 12, 13, 14], [0, 3, 4, 5, 6, 7, 8, 9, 10, 11, 12, 13, 14], [0, 5, 6, 7, 8, 9, 10, 11, 12, 13, 14], [1, 2, 3, 4, 5, 6, 7, 8, 9, 10, 11, 12, 13, 14], [1, 2, 3, 4, 5, 6, 7, 8, 9, 10, 11, 12, 13, 14], [1, 2, 3, 4, 5, 6, 7, 8, 9, 10, 11, 12, 13, 14], [1, 2, 3, 4, 5, 6, 7, 8, 9, 10, 11, 12, 13, 14]]
mrpc_large 768e934c1730eecdac222a1c1ae97b0784e83c9f07300b1f7556703cc3893e60 [14, 14, 14, 14, 14, 14, 0, 14, 14, 0, 0, 14, 0, 0, 0, 3] [1, 2, 3, 4, 5, 7, 8, 11] [[0, 1, 2, 3, 4, 5, 6, 7, 8, 9, 10, 11, 12, 13, 14], [0, 5, 6, 7, 8, 9, 10, 11, 12, 13, 14], [0, 3, 4, 5, 6, 7, 8, 9, 10, 11, 12, 13, 14], [0, 5, 6, 7, 8, 9, 10, 11, 12, 13, 14], [1, 2, 3, 4, 5, 6, 7, 8, 9, 10, 11, 12, 13, 14], [1, 2, 3, 4, 5, 6, 7, 8, 9, 10, 11, 12, 13, 14], [1, 2, 3, 4, 5, 6, 7, 8, 9, 10, 11, 12, 13, 14], [1, 2, 3, 4, 5, 6, 7, 8, 9, 10, 11, 12, 13, 14]]
rte_large 768e934c1730eecdac222a1c1ae97b0784e83c9f07300b1f7556703cc3893e60 [14, 14, 14, 14, 14, 14, 0, 14, 14, 0, 0, 14, 0, 0, 0, 3] [1, 2, 3, 4, 5, 7, 8, 11] [[0, 1, 2, 3, 4, 5, 6, 7, 8, 9, 10, 11, 12, 13, 14], [0, 5, 6, 7, 8, 9, 10, 11, 12, 13, 14], [0, 3, 4, 5, 6, 7, 8, 9, 10, 11, 12, 13, 14], [0, 5, 6, 7, 8, 9, 10, 11, 12, 13, 14], [1, 2, 3, 4, 5, 6, 7, 8, 9, 10, 11, 12, 13, 14], [1, 2, 3, 4, 5, 6, 7, 8, 9, 10, 11, 12, 13, 14], [1, 2, 3, 4, 5, 6, 7, 8, 9, 10, 11, 12, 13, 14], [1, 2, 3, 4, 5, 6, 7, 8, 9, 10, 11, 12, 13, 14]]
sst2_large 768e934c1730eecdac222a1c1ae97b0784e83c9f07300b1f7556703cc3893e60 [14, 14, 14, 14, 14, 14, 0, 14, 14, 0, 0, 14, 0, 0, 0, 3] [1, 2, 3, 4, 5, 7, 8, 11] [[0, 1, 2, 3, 4, 5, 6, 7, 8, 9, 10, 11, 12, 13, 14], [0, 5, 6, 7, 8, 9, 10, 11, 12, 13, 14], [0, 3, 4, 5, 6, 7, 8, 9, 10, 11, 12, 13, 14], [0, 5, 6, 7, 8, 9, 10, 11, 12, 13, 14], [1, 2, 3, 4, 5, 6, 7, 8, 9, 10, 11, 12, 13, 14], [1, 2, 3, 4, 5, 6, 7, 8, 9, 10, 11, 12, 13, 14], [1, 2, 3, 4, 5, 6, 7, 8, 9, 10, 11, 12, 13, 14], [1, 2, 3, 4, 5, 6, 7, 8, 9, 10, 11, 12, 13, 14]]
IDENTICAL True
