Model: textattack/bert-base-uncased-CoLA  Arch: bert  Layers: 12

Probe: input_ids (Input IDs)  [global]
  Layer            Count        Mean         Std         Min         Max      AccumMax
  ----------------------------------------------------------------------------------
  All      1,094,528    284.9295   1603.9483      0.0000  29593.0000             —

Probe: after_embed (After Embedding)  [global]
  Layer            Count        Mean         Std         Min         Max      AccumMax
  ----------------------------------------------------------------------------------
  All    840,597,504     -0.0571      0.4511    -11.1192      4.2415             —

Probe: query_proj (XW_q + b_q)
  Layer            Count        Mean         Std         Min         Max      AccumMax
  ----------------------------------------------------------------------------------
  L0        840,597,504      0.0039      0.9934     -7.6657      6.4596       19.7031
  L1        840,597,504      0.0486      0.8878     -6.5481      8.0010       21.4791
  L2        840,597,504      0.0497      1.1031    -11.7695     10.8192       34.9819
  L3        840,597,504     -0.0076      1.0092     -8.1471      8.6277       25.8176
  L4        840,597,504     -0.0079      1.0232     -7.7638      7.9975       21.5433
  L5        840,597,504     -0.0579      1.1784     -8.0250      8.4360       22.9463
  L6        840,597,504     -0.0730      1.1578     -8.3970      8.1732       22.3637
  L7        840,597,504     -0.0150      1.1798     -9.0822      8.0410       23.5072
  L8        840,597,504     -0.0459      1.0955     -7.6199      7.7029       22.4021
  L9        840,597,504      0.0158      1.0782     -9.3389      8.9044       23.0233
  L10       840,597,504     -0.0095      1.0940     -7.8343      8.9068       22.4982
  L11       840,597,504      0.0538      1.0960     -7.0828      7.8902       22.0868

Probe: key_proj (XW_k + b_k)
  Layer            Count        Mean         Std         Min         Max      AccumMax
  ----------------------------------------------------------------------------------
  L0        840,597,504     -0.0309      1.0689     -6.4050      8.7166       19.8979
  L1        840,597,504     -0.0274      0.9862     -7.5443      6.4144       21.6956
  L2        840,597,504      0.0305      1.0596     -9.3803      9.8642       33.8623
  L3        840,597,504     -0.0064      0.9696     -6.5200      6.5177       26.0625
  L4        840,597,504      0.0089      0.9487     -6.9446      6.1526       21.7343
  L5        840,597,504      0.0156      1.0835     -6.4644      7.3905       22.9829
  L6        840,597,504      0.0144      1.1086     -7.0798      7.4631       21.9218
  L7        840,597,504     -0.0007      1.1204     -7.8676      7.2097       23.1551
  L8        840,597,504     -0.0152      1.0759     -6.8628      7.1706       23.0371
  L9        840,597,504     -0.0044      1.0419     -6.7093      8.4993       22.9820
  L10       840,597,504     -0.0002      1.0401     -8.0639      7.3074       21.9536
  L11       840,597,504      0.0057      1.0080     -6.8573      6.5584       21.6667

Probe: value_proj (XW_v + b_v)
  Layer            Count        Mean         Std         Min         Max      AccumMax
  ----------------------------------------------------------------------------------
  L0        840,597,504      0.0203      0.3888     -3.9087      3.3270       13.0617
  L1        840,597,504     -0.0264      0.4758     -5.8125      5.0280       18.0472
  L2        840,597,504      0.0067      0.4768     -4.7045      4.4531       17.9725
  L3        840,597,504     -0.0265      0.5411     -5.6554      5.0443       18.8714
  L4        840,597,504      0.0240      0.5970     -5.4787      5.2829       19.1173
  L5        840,597,504     -0.0082      0.5202     -5.6777      5.3053       18.3108
  L6        840,597,504     -0.0012      0.5347     -5.2084      5.3129       17.9635
  L7        840,597,504      0.0106      0.4719     -4.5164      5.1853       16.1848
  L8        840,597,504     -0.0069      0.5736     -5.2212      4.9603       17.7141
  L9        840,597,504      0.0016      0.5830     -8.7087      5.4216       17.8900
  L10       840,597,504      0.0109      0.6097     -5.1960      5.4772       18.4347
  L11       840,597,504      0.0179      0.6882     -6.1273      5.6083       19.5760

Probe: qkt_raw (QKᵀ (raw))
  Layer            Count        Mean         Std         Min         Max      AccumMax
  ----------------------------------------------------------------------------------
  L0      1,681,195,008      6.7533     19.2670    -84.1215     99.5643      133.9563
  L1      1,681,195,008     -0.8708     14.5640   -103.4696    137.0921      185.0186
  L2      1,681,195,008     -6.9245     32.3121   -359.8825    345.6803      510.8666
  L3      1,681,195,008      3.5328     16.7062   -130.8844    136.8171      187.4289
  L4      1,681,195,008     -3.5505     13.6033    -85.9382    122.0877      149.5605
  L5      1,681,195,008     -2.0789     18.3166   -136.9346    119.0730      201.1532
  L6      1,681,195,008      3.7648     17.9691   -134.9988    127.3589      188.9578
  L7      1,681,195,008      6.5483     15.5350   -120.4469    130.8722      201.7319
  L8      1,681,195,008     16.3922     12.4594    -82.5765    144.5483      187.8109
  L9      1,681,195,008     14.9113     12.9351   -127.1148    124.4989      233.2766
  L10     1,681,195,008     -5.2188     17.1596   -159.8924    121.6884      190.2807
  L11     1,681,195,008     -8.0750     14.0667   -113.1397     97.3270      168.0469

Probe: attn_scores (QKᵀ/√dₖ + mask)
  Layer            Count        Mean         Std         Min         Max      AccumMax
  ----------------------------------------------------------------------------------
  L0      1,681,195,008-310169450656826017806995432616100888576.000096644194881692624965390546380970262528.0000-340282346638528859811704183484516925440.0000     11.9250             —
  L1      1,681,195,008-310169450656826017806995432616100888576.000096644194881692624965390546380970262528.0000-340282346638528859811704183484516925440.0000     17.1365             —
  L2      1,681,195,008-310169450656826017806995432616100888576.000096644194881692624965390546380970262528.0000-340282346638528859811704183484516925440.0000     31.3542             —
  L3      1,681,195,008-310169450656826017806995432616100888576.000096644194881692624965390546380970262528.0000-340282346638528859811704183484516925440.0000     17.1021             —
  L4      1,681,195,008-310169450656826017806995432616100888576.000096644194881692624965390546380970262528.0000-340282346638528859811704183484516925440.0000     15.2610             —
  L5      1,681,195,008-310169450656826017806995432616100888576.000096644194881692624965390546380970262528.0000-340282346638528859811704183484516925440.0000     14.8841             —
  L6      1,681,195,008-310169450656826017806995432616100888576.000096644194881692624965390546380970262528.0000-340282346638528859811704183484516925440.0000     15.9199             —
  L7      1,681,195,008-310169450656826017806995432616100888576.000096644194881692624965390546380970262528.0000-340282346638528859811704183484516925440.0000     16.3590             —
  L8      1,681,195,008-310169450656826017806995432616100888576.000096644194881692624965390546380970262528.0000-340282346638528859811704183484516925440.0000     18.0685             —
  L9      1,681,195,008-310169450656826017806995432616100888576.000096644194881692624965390546380970262528.0000-340282346638528859811704183484516925440.0000     15.5624             —
  L10     1,681,195,008-310169450656826017806995432616100888576.000096644194881692624965390546380970262528.0000-340282346638528859811704183484516925440.0000     15.2111             —
  L11     1,681,195,008-310169450656826017806995432616100888576.000096644194881692624965390546380970262528.0000-340282346638528859811704183484516925440.0000     12.1659             —

Probe: attn_probs (Softmax(scores))
  Layer            Count        Mean         Std         Min         Max      AccumMax
  ----------------------------------------------------------------------------------
  L0      1,681,195,008      0.0078      0.0596      0.0000      1.0000             —
  L1      1,681,195,008      0.0078      0.0505      0.0000      1.0000             —
  L2      1,681,195,008      0.0078      0.0578      0.0000      1.0000             —
  L3      1,681,195,008      0.0078      0.0536      0.0000      0.9999             —
  L4      1,681,195,008      0.0078      0.0558      0.0000      0.9999             —
  L5      1,681,195,008      0.0078      0.0742      0.0000      1.0000             —
  L6      1,681,195,008      0.0078      0.0668      0.0000      0.9999             —
  L7      1,681,195,008      0.0078      0.0623      0.0000      1.0000             —
  L8      1,681,195,008      0.0078      0.0495      0.0000      1.0000             —
  L9      1,681,195,008      0.0078      0.0520      0.0000      0.9999             —
  L10     1,681,195,008      0.0078      0.0478      0.0000      1.0000             —
  L11     1,681,195,008      0.0078      0.0449      0.0000      0.9991             —

Probe: attn_context (Softmax × V)
  Layer            Count        Mean         Std         Min         Max      AccumMax
  ----------------------------------------------------------------------------------
  L0        840,597,504     -0.0079      0.1907     -2.9714      2.9206        3.0055
  L1        840,597,504     -0.0047      0.2257     -3.4241      3.4198        3.4441
  L2        840,597,504      0.0075      0.2190     -3.7335      3.8035        3.8103
  L3        840,597,504     -0.0016      0.1942     -3.4608      3.2042        3.4610
  L4        840,597,504     -0.0065      0.2207     -4.3712      3.8737        4.3716
  L5        840,597,504      0.0036      0.1346     -4.2059      4.2145        4.2327
  L6        840,597,504      0.0002      0.1902     -3.9768      4.0954        4.0968
  L7        840,597,504     -0.0035      0.2229     -3.6912      4.0689        4.0758
  L8        840,597,504     -0.0047      0.3146     -4.1001      4.0765        4.4167
  L9        840,597,504     -0.0017      0.2676     -5.2549      3.6021        5.2549
  L10       840,597,504      0.0073      0.3965     -3.3845      4.2239        4.2647
  L11       840,597,504      0.0138      0.4675     -3.9109      4.2738        4.2915

Probe: attn_output (Attn × Wₒ)
  Layer            Count        Mean         Std         Min         Max      AccumMax
  ----------------------------------------------------------------------------------
  L0        840,597,504      0.0009      0.2142     -6.0676      5.6615       15.9205
  L1        840,597,504     -0.0021      0.2241     -2.8419      3.2971       11.4563
  L2        840,597,504      0.0027      0.1895     -2.6142      2.7346       10.6586
  L3        840,597,504     -0.0002      0.1691     -2.5710      2.9268       10.7456
  L4        840,597,504      0.0001      0.2217     -3.3625      2.9775       14.1998
  L5        840,597,504      0.0023      0.1355     -3.1204      3.1028       13.8647
  L6        840,597,504      0.0008      0.1811     -2.9688      3.1182       14.2633
  L7        840,597,504      0.0009      0.2133     -3.4571      3.0497       20.8827
  L8        840,597,504     -0.0007      0.3052     -7.0539      5.7195       29.0039
  L9        840,597,504      0.0010      0.2771     -7.3390      5.2822       24.4113
  L10       840,597,504     -0.0013      0.3962     -4.7532      5.4134       24.5014
  L11       840,597,504     -0.0017      0.5247     -4.6328      4.7194       24.8547

Probe: post_attn_ln (Post-Attn sub-block)
  Layer            Count        Mean         Std         Min         Max      AccumMax
  ----------------------------------------------------------------------------------
  L0        840,597,504     -0.0176      1.0576    -64.9444      8.8834             —
  L1        840,597,504     -0.0408      1.3057    -69.0446      5.9175             —
  L2        840,597,504     -0.0444      1.4646    -53.1331      6.1292             —
  L3        840,597,504     -0.0295      1.2922    -93.6870      5.2329             —
  L4        840,597,504     -0.0376      1.2903   -102.4089      5.3911             —
  L5        840,597,504     -0.0348      1.1624    -93.1045      5.4466             —
  L6        840,597,504     -0.0379      1.1246    -91.9042      5.8162             —
  L7        840,597,504     -0.0440      1.0833    -90.7530      6.6893             —
  L8        840,597,504     -0.0405      1.0615    -85.2420      7.5578             —
  L9        840,597,504     -0.0353      0.9130    -51.6618     16.2020             —
  L10       840,597,504     -0.0257      0.9484    -51.8492     18.2600             —
  L11       840,597,504     -0.0490      1.1916    -39.6136     16.7214             —

Probe: gelu_input (FFN1 (GELU in))
  Layer            Count        Mean         Std         Min         Max      AccumMax
  ----------------------------------------------------------------------------------
  L0      3,362,390,016     -2.3997      1.6634    -18.5081     13.4343       44.8163
  L1      3,362,390,016     -1.8676      1.1524    -21.2964     10.6570       45.1235
  L2      3,362,390,016     -2.0604      1.1850    -31.1091     57.1597      100.6744
  L3      3,362,390,016     -1.8326      1.1790    -59.4885      8.2920       84.2255
  L4      3,362,390,016     -1.8265      1.1693    -61.1438     11.0395       77.3997
  L5      3,362,390,016     -1.8840      1.0391    -49.3608     11.1226       56.1101
  L6      3,362,390,016     -1.8023      1.0118    -25.7738      9.3646       44.9660
  L7      3,362,390,016     -1.6236      0.9599    -20.2885     10.4267       47.5866
  L8      3,362,390,016     -1.4213      0.9243    -23.4714     26.4438       58.8437
  L9      3,362,390,016     -1.3683      0.9519    -47.4131     88.1079      109.5474
  L10     3,362,390,016     -1.4613      0.8891    -32.8212    130.0362      155.2540
  L11     3,362,390,016     -1.4364      0.9081    -22.3360     10.2481       44.3474

Probe: gelu_output (GELU output)
  Layer            Count        Mean         Std         Min         Max      AccumMax
  ----------------------------------------------------------------------------------
  L0      3,362,390,016      0.0229      0.4126     -0.1700     13.4343             —
  L1      3,362,390,016     -0.0311      0.2370     -0.1700     10.6570             —
  L2      3,362,390,016     -0.0383      0.1732     -0.1700     57.1597             —
  L3      3,362,390,016     -0.0396      0.1689     -0.1700      8.2920             —
  L4      3,362,390,016     -0.0372      0.1889     -0.1700     11.0395             —
  L5      3,362,390,016     -0.0534      0.1212     -0.1700     11.1226             —
  L6      3,362,390,016     -0.0531      0.1274     -0.1700      9.3646             —
  L7      3,362,390,016     -0.0617      0.1380     -0.1700     10.4267             —
  L8      3,362,390,016     -0.0651      0.1557     -0.1700     26.4438             —
  L9      3,362,390,016     -0.0715      0.1631     -0.1700     88.1079             —
  L10     3,362,390,016     -0.0720      0.1736     -0.1700    130.0362             —
  L11     3,362,390,016     -0.0718      0.1395     -0.1700     10.2481             —

Probe: ffn2_output (FFN2 output)
  Layer            Count        Mean         Std         Min         Max      AccumMax
  ----------------------------------------------------------------------------------
  L0        840,597,504     -0.0690      2.3482    -66.8386     17.8773       82.0973
  L1        840,597,504     -0.0117      0.7304    -43.9064      5.3833       60.3570
  L2        840,597,504     -0.0055      0.7277   -237.0202      6.4671      238.8316
  L3        840,597,504      0.0053      0.4617    -83.3978      4.6597       83.8858
  L4        840,597,504      0.0023      0.4239    -83.9731      4.9857       84.7690
  L5        840,597,504     -0.0016      0.3283    -67.2575      3.6880       68.2736
  L6        840,597,504     -0.0038      0.2961    -42.7285      4.4312       45.8110
  L7        840,597,504     -0.0009      0.3113     -9.4935      4.7986       33.4700
  L8        840,597,504     -0.0013      0.3600   -154.5177     42.6281      185.0440
  L9        840,597,504     -0.0029      1.1913   -682.8923    468.6281      705.7694
  L10       840,597,504     -0.0058      1.7367   -972.2911     32.3198      989.4057
  L11       840,597,504      0.0012      0.2936    -15.9018     13.0689       31.8563

Probe: post_ffn_ln (Post-FFN sub-block)
  Layer            Count        Mean         Std         Min         Max      AccumMax
  ----------------------------------------------------------------------------------
  L0        840,597,504     -0.0178      0.4799    -10.0207      3.6096             —
  L1        840,597,504     -0.0165      0.5722    -11.3382      4.4151             —
  L2        840,597,504     -0.0187      0.5819    -14.7546      4.3821             —
  L3        840,597,504     -0.0282      0.6725    -13.3209      4.3394             —
  L4        840,597,504     -0.0256      0.6968    -14.7639      4.8546             —
  L5        840,597,504     -0.0278      0.7376    -15.8069      4.7133             —
  L6        840,597,504     -0.0273      0.7430    -16.0399      5.0084             —
  L7        840,597,504     -0.0313      0.8014    -20.6520      6.2687             —
  L8        840,597,504     -0.0328      0.8131    -24.2210      9.2284             —
  L9        840,597,504     -0.0342      0.8485    -26.7005      8.5904             —
  L10       840,597,504     -0.0395      0.8748    -28.9347      7.9053             —
  L11       840,597,504     -0.0110      0.4828     -9.7501      5.5819             —

Probe: ln1_input (LN₁ input (pre-norm))
  Layer            Count        Mean         Std         Min         Max      AccumMax
  ----------------------------------------------------------------------------------

Probe: ln1_output (LN₁ output (pre-norm))
  Layer            Count        Mean         Std         Min         Max      AccumMax
  ----------------------------------------------------------------------------------

Probe: ln2_input (LN₂ input (pre-norm))
  Layer            Count        Mean         Std         Min         Max      AccumMax
  ----------------------------------------------------------------------------------

Probe: ln2_output (LN₂ output (pre-norm))
  Layer            Count        Mean         Std         Min         Max      AccumMax
  ----------------------------------------------------------------------------------
