Model: textattack/bert-base-uncased-MRPC  Arch: bert  Layers: 12
Magnitude bins: 13 bins from 1e-08 to 1e+05

Probe: input_ids (Input IDs)  [global]
  Layer            Count  pct_zero     pct>1    pct>10  | magnitude bin percentages ...
  ------------------------------------------------------------
  All        469,504    58.405    41.595    41.595  |   0.00    0.00    0.00    0.00    0.00    0.00    0.00    0.00    0.00    0.00    2.88   34.71    4.01

Probe: after_embed (After Embedding)  [global]
  Layer            Count  pct_zero     pct>1    pct>10  | magnitude bin percentages ...
  ------------------------------------------------------------
  All    360,579,072     0.000     4.714     0.001  |   0.00    0.00    0.00    0.02    0.17    1.51   15.66   77.94    4.71    0.00    0.00    0.00    0.00

Probe: query_proj (XW_q + b_q)
  Layer            Count  pct_zero     pct>1    pct>10  | magnitude bin percentages ...
  ------------------------------------------------------------
  L0        360,579,072     0.000    23.936     0.000  |   0.00    0.00    0.00    0.01    0.10    0.96    9.31   65.69   23.94    0.00    0.00    0.00    0.00
  L1        360,579,072     0.000    27.951     0.000  |   0.00    0.00    0.00    0.01    0.08    0.84    8.32   62.80   27.95    0.00    0.00    0.00    0.00
  L2        360,579,072     0.000    29.277     0.001  |   0.00    0.00    0.00    0.01    0.09    0.85    8.49   61.28   29.28    0.00    0.00    0.00    0.00
  L3        360,579,072     0.000    29.394     0.000  |   0.00    0.00    0.00    0.01    0.08    0.80    7.94   61.78   29.39    0.00    0.00    0.00    0.00
  L4        360,579,072     0.000    32.289     0.000  |   0.00    0.00    0.00    0.01    0.07    0.73    7.33   59.56   32.29    0.00    0.00    0.00    0.00
  L5        360,579,072     0.000    36.987     0.000  |   0.00    0.00    0.00    0.01    0.07    0.67    6.71   55.56   36.99    0.00    0.00    0.00    0.00
  L6        360,579,072     0.000    39.170     0.000  |   0.00    0.00    0.00    0.01    0.06    0.64    6.32   53.80   39.17    0.00    0.00    0.00    0.00
  L7        360,579,072     0.000    40.445     0.000  |   0.00    0.00    0.00    0.01    0.06    0.62    6.16   52.71   40.44    0.00    0.00    0.00    0.00
  L8        360,579,072     0.000    40.405     0.000  |   0.00    0.00    0.00    0.01    0.06    0.61    6.12   52.79   40.40    0.00    0.00    0.00    0.00
  L9        360,579,072     0.000    42.657     0.000  |   0.00    0.00    0.00    0.01    0.06    0.59    5.87   50.82   42.66    0.00    0.00    0.00    0.00
  L10       360,579,072     0.000    39.339     0.000  |   0.00    0.00    0.00    0.01    0.06    0.62    6.26   53.71   39.34    0.00    0.00    0.00    0.00
  L11       360,579,072     0.000    42.481     0.000  |   0.00    0.00    0.00    0.01    0.06    0.57    5.77   51.12   42.48    0.00    0.00    0.00    0.00
  AGG    4,326,948,864     0.000    35.361     0.000  |   0.00    0.00    0.00    0.01    0.07    0.71    7.05   56.80   35.36    0.00    0.00    0.00    0.00

Probe: key_proj (XW_k + b_k)
  Layer            Count  pct_zero     pct>1    pct>10  | magnitude bin percentages ...
  ------------------------------------------------------------
  L0        360,579,072     0.000    28.022     0.000  |   0.00    0.00    0.00    0.01    0.09    0.82    8.21   62.85   28.02    0.00    0.00    0.00    0.00
  L1        360,579,072     0.000    28.961     0.000  |   0.00    0.00    0.00    0.01    0.08    0.82    8.14   61.99   28.96    0.00    0.00    0.00    0.00
  L2        360,579,072     0.000    28.842     0.000  |   0.00    0.00    0.00    0.01    0.08    0.84    8.33   61.90   28.84    0.00    0.00    0.00    0.00
  L3        360,579,072     0.000    30.655     0.000  |   0.00    0.00    0.00    0.01    0.08    0.79    7.86   60.60   30.66    0.00    0.00    0.00    0.00
  L4        360,579,072     0.000    32.394     0.000  |   0.00    0.00    0.00    0.01    0.07    0.73    7.30   59.49   32.39    0.00    0.00    0.00    0.00
  L5        360,579,072     0.000    39.151     0.000  |   0.00    0.00    0.00    0.01    0.07    0.65    6.43   53.69   39.15    0.00    0.00    0.00    0.00
  L6        360,579,072     0.000    41.511     0.000  |   0.00    0.00    0.00    0.01    0.06    0.60    5.98   51.84   41.51    0.00    0.00    0.00    0.00
  L7        360,579,072     0.000    43.253     0.000  |   0.00    0.00    0.00    0.01    0.06    0.58    5.82   50.28   43.25    0.00    0.00    0.00    0.00
  L8        360,579,072     0.000    40.302     0.000  |   0.00    0.00    0.00    0.01    0.06    0.62    6.15   52.86   40.30    0.00    0.00    0.00    0.00
  L9        360,579,072     0.000    41.308     0.000  |   0.00    0.00    0.00    0.01    0.06    0.60    5.99   52.04   41.31    0.00    0.00    0.00    0.00
  L10       360,579,072     0.000    40.711     0.000  |   0.00    0.00    0.00    0.01    0.06    0.62    6.21   52.39   40.71    0.00    0.00    0.00    0.00
  L11       360,579,072     0.000    39.451     0.003  |   0.00    0.00    0.00    0.01    0.06    0.64    6.40   53.44   39.45    0.00    0.00    0.00    0.00
  AGG    4,326,948,864     0.000    36.213     0.000  |   0.00    0.00    0.00    0.01    0.07    0.69    6.90   56.11   36.21    0.00    0.00    0.00    0.00

Probe: value_proj (XW_v + b_v)
  Layer            Count  pct_zero     pct>1    pct>10  | magnitude bin percentages ...
  ------------------------------------------------------------
  L0        360,579,072     0.000     3.507     0.000  |   0.00    0.00    0.00    0.02    0.19    1.96   19.17   75.15    3.51    0.00    0.00    0.00    0.00
  L1        360,579,072     0.000     6.899     0.000  |   0.00    0.00    0.00    0.02    0.16    1.62   15.97   75.34    6.90    0.00    0.00    0.00    0.00
  L2        360,579,072     0.000     7.110     0.000  |   0.00    0.00    0.00    0.02    0.16    1.62   16.01   75.07    7.11    0.00    0.00    0.00    0.00
  L3        360,579,072     0.000     8.265     0.000  |   0.00    0.00    0.00    0.02    0.16    1.57   15.21   74.78    8.27    0.00    0.00    0.00    0.00
  L4        360,579,072     0.000    12.136     0.000  |   0.00    0.00    0.00    0.02    0.15    1.55   13.55   72.59   12.14    0.00    0.00    0.00    0.00
  L5        360,579,072     0.000    11.219     0.000  |   0.00    0.00    0.00    0.02    0.16    1.59   13.66   73.35   11.22    0.00    0.00    0.00    0.00
  L6        360,579,072     0.000    12.609     0.000  |   0.00    0.00    0.00    0.01    0.15    1.48   12.92   72.83   12.61    0.00    0.00    0.00    0.00
  L7        360,579,072     0.000     9.455     0.000  |   0.00    0.00    0.00    0.02    0.16    1.54   13.68   75.15    9.46    0.00    0.00    0.00    0.00
  L8        360,579,072     0.000    14.984     0.000  |   0.00    0.00    0.00    0.01    0.14    1.41   11.77   71.67   14.98    0.00    0.00    0.00    0.00
  L9        360,579,072     0.000    15.126     0.000  |   0.00    0.00    0.00    0.01    0.12    1.24   11.71   71.79   15.13    0.00    0.00    0.00    0.00
  L10       360,579,072     0.000    11.984     0.000  |   0.00    0.00    0.00    0.01    0.15    1.48   13.02   73.35   11.98    0.00    0.00    0.00    0.00
  L11       360,579,072     0.000    16.467     0.000  |   0.00    0.00    0.00    0.01    0.15    1.47   11.38   70.52   16.47    0.00    0.00    0.00    0.00
  AGG    4,326,948,864     0.000    10.813     0.000  |   0.00    0.00    0.00    0.02    0.15    1.54   14.00   73.47   10.81    0.00    0.00    0.00    0.00

Probe: qkt_raw (QKᵀ (raw))
  Layer            Count  pct_zero     pct>1    pct>10  | magnitude bin percentages ...
  ------------------------------------------------------------
  L0        721,158,144     0.000    94.807    56.379  |   0.00    0.00    0.00    0.00    0.00    0.05    0.47    4.67   38.43   56.38    0.00    0.00    0.00
  L1        721,158,144     0.000    92.060    41.350  |   0.00    0.00    0.00    0.00    0.01    0.07    0.72    7.14   50.71   41.35    0.00    0.00    0.00
  L2        721,158,144     0.000    93.681    44.017  |   0.00    0.00    0.00    0.00    0.01    0.06    0.57    5.69   49.66   42.31    1.71    0.00    0.00
  L3        721,158,144     0.000    94.404    52.091  |   0.00    0.00    0.00    0.00    0.01    0.05    0.51    5.03   42.31   52.09    0.00    0.00    0.00
  L4        721,158,144     0.000    94.930    53.621  |   0.00    0.00    0.00    0.00    0.00    0.05    0.46    4.56   41.31   53.62    0.00    0.00    0.00
  L5        721,158,144     0.000    96.005    62.195  |   0.00    0.00    0.00    0.00    0.00    0.04    0.36    3.60   33.81   62.19    0.00    0.00    0.00
  L6        721,158,144     0.000    96.257    64.032  |   0.00    0.00    0.00    0.00    0.00    0.03    0.34    3.37   32.22   64.03    0.00    0.00    0.00
  L7        721,158,144     0.000    96.478    65.902  |   0.00    0.00    0.00    0.00    0.00    0.03    0.32    3.17   30.58   65.90    0.00    0.00    0.00
  L8        721,158,144     0.000    95.824    60.581  |   0.00    0.00    0.00    0.00    0.00    0.04    0.38    3.76   35.24   60.54    0.04    0.00    0.00
  L9        721,158,144     0.000    96.574    67.296  |   0.00    0.00    0.00    0.00    0.00    0.03    0.31    3.08   29.28   67.28    0.01    0.00    0.00
  L10       721,158,144     0.000    97.525    75.168  |   0.00    0.00    0.00    0.00    0.00    0.02    0.22    2.23   22.36   75.10    0.07    0.00    0.00
  L11       721,158,144     0.000    98.112    80.560  |   0.00    0.00    0.00    0.00    0.00    0.02    0.17    1.70   17.55   80.53    0.03    0.00    0.00
  AGG    8,653,897,728     0.000    95.555    60.266  |   0.00    0.00    0.00    0.00    0.00    0.04    0.40    4.00   35.29   60.11    0.16    0.00    0.00

Probe: attn_scores (QKᵀ/√dₖ + mask)
  Layer            Count  pct_zero     pct>1    pct>10  | magnitude bin percentages ...
  ------------------------------------------------------------
  L0        721,158,144     0.000    81.205    58.410  |   0.00    0.00    0.00    0.00    0.02    0.19    1.86   16.73   22.80    0.00    0.00    0.00   58.41
  L1        721,158,144     0.000    77.972    58.453  |   0.00    0.00    0.00    0.00    0.02    0.23    2.33   19.43   19.52    0.05    0.00    0.00   58.41
  L2        721,158,144     0.000    78.195    59.530  |   0.00    0.00    0.00    0.00    0.02    0.24    2.42   19.12   18.66    1.13    0.00    0.00   58.41
  L3        721,158,144     0.000    81.844    58.442  |   0.00    0.00    0.00    0.00    0.02    0.18    1.81   16.15   23.40    0.04    0.00    0.00   58.41
  L4        721,158,144     0.000    85.076    58.415  |   0.00    0.00    0.00    0.00    0.01    0.14    1.39   13.38   26.66    0.01    0.00    0.00   58.41
  L5        721,158,144     0.000    88.539    58.433  |   0.00    0.00    0.00    0.00    0.01    0.10    1.04   10.30   30.11    0.03    0.00    0.00   58.41
  L6        721,158,144     0.000    88.748    58.439  |   0.00    0.00    0.00    0.00    0.01    0.10    1.03   10.11   30.31    0.03    0.00    0.00   58.41
  L7        721,158,144     0.000    89.737    58.424  |   0.00    0.00    0.00    0.00    0.01    0.09    0.93    9.23   31.31    0.02    0.00    0.00   58.41
  L8        721,158,144     0.000    88.686    58.535  |   0.00    0.00    0.00    0.00    0.01    0.10    1.04   10.16   30.15    0.13    0.00    0.00   58.41
  L9        721,158,144     0.000    91.069    58.501  |   0.00    0.00    0.00    0.00    0.01    0.08    0.82    8.02   32.57    0.10    0.00    0.00   58.41
  L10       721,158,144     0.000    93.683    58.525  |   0.00    0.00    0.00    0.00    0.01    0.06    0.55    5.70   35.16    0.12    0.00    0.00   58.41
  L11       721,158,144     0.000    95.301    58.606  |   0.00    0.00    0.00    0.00    0.00    0.04    0.41    4.25   36.70    0.20    0.00    0.00   58.41
  AGG    8,653,897,728     0.000    86.671    58.559  |   0.00    0.00    0.00    0.00    0.01    0.13    1.30   11.88   28.11    0.15    0.00    0.00   58.41

Probe: attn_probs (Softmax(scores))
  Layer            Count  pct_zero     pct>1    pct>10  | magnitude bin percentages ...
  ------------------------------------------------------------
  L0        721,158,144    58.405     0.000     0.000  |   0.07    0.42    1.40    3.01    7.01   14.12   14.60    0.96    0.00    0.00    0.00    0.00    0.00
  L1        721,158,144    58.405     0.000     0.000  |   0.29    0.58    1.18    2.12    4.97   16.05   15.31    1.09    0.00    0.00    0.00    0.00    0.00
  L2        721,158,144    58.405     0.000     0.000  |   4.18    0.77    0.68    0.91    3.40   16.61   13.95    1.09    0.00    0.00    0.00    0.00    0.00
  L3        721,158,144    58.405     0.000     0.000  |   0.11    0.38    1.23    3.11    7.52   17.50    9.80    1.95    0.00    0.00    0.00    0.00    0.00
  L4        721,158,144    58.405     0.000     0.000  |   0.01    0.10    0.57    3.07    9.91   16.60    9.54    1.79    0.00    0.00    0.00    0.00    0.00
  L5        721,158,144    58.405     0.000     0.000  |   0.18    0.55    2.19    6.49   11.34   12.36    6.49    1.99    0.00    0.00    0.00    0.00    0.00
  L6        721,158,144    58.405     0.000     0.000  |   0.11    0.52    2.50    7.37   11.89   11.57    5.65    1.99    0.00    0.00    0.00    0.00    0.00
  L7        721,158,144    58.405     0.000     0.000  |   0.13    0.70    3.26    8.77   12.63    9.64    4.47    1.99    0.00    0.00    0.00    0.00    0.00
  L8        721,158,144    58.405     0.000     0.000  |   0.18    0.53    2.16    6.46   12.02   12.32    6.00    1.92    0.00    0.00    0.00    0.00    0.00
  L9        721,158,144    58.405     0.000     0.000  |   0.34    1.08    3.53    8.04   11.72   10.48    4.60    1.80    0.00    0.00    0.00    0.00    0.00
  L10       721,158,144    58.405     0.000     0.000  |   0.11    0.43    1.63    5.51   12.84   13.51    5.68    1.88    0.00    0.00    0.00    0.00    0.00
  L11       721,158,144    58.405     0.000     0.000  |   0.06    0.25    1.49    6.54   13.62   12.76    4.80    2.08    0.00    0.00    0.00    0.00    0.00
  AGG    8,653,897,728    58.405     0.000     0.000  |   0.48    0.53    1.82    5.12    9.91   13.63    8.41    1.71    0.00    0.00    0.00    0.00    0.00

Probe: attn_context (Softmax × V)
  Layer            Count  pct_zero     pct>1    pct>10  | magnitude bin percentages ...
  ------------------------------------------------------------
  L0        360,579,072     0.000     0.229     0.000  |   0.00    0.00    0.01    0.06    0.55    5.45   45.99   47.72    0.23    0.00    0.00    0.00    0.00
  L1        360,579,072     0.000     0.523     0.000  |   0.00    0.00    0.00    0.04    0.45    4.47   40.89   53.62    0.52    0.00    0.00    0.00    0.00
  L2        360,579,072     0.000     0.889     0.000  |   0.00    0.00    0.00    0.04    0.43    4.28   38.99   55.37    0.89    0.00    0.00    0.00    0.00
  L3        360,579,072     0.000     0.705     0.000  |   0.00    0.00    0.01    0.05    0.51    5.10   42.96   50.66    0.70    0.00    0.00    0.00    0.00
  L4        360,579,072     0.000     0.999     0.000  |   0.00    0.00    0.00    0.05    0.47    4.68   37.75   56.05    1.00    0.00    0.00    0.00    0.00
  L5        360,579,072     0.000     1.493     0.000  |   0.00    0.00    0.00    0.05    0.46    4.58   35.39   58.03    1.49    0.00    0.00    0.00    0.00
  L6        360,579,072     0.000     1.484     0.000  |   0.00    0.00    0.01    0.05    0.51    5.03   37.28   55.65    1.48    0.00    0.00    0.00    0.00
  L7        360,579,072     0.000     1.256     0.000  |   0.00    0.00    0.01    0.06    0.65    6.43   42.01   49.58    1.26    0.00    0.00    0.00    0.00
  L8        360,579,072     0.000     2.069     0.000  |   0.00    0.00    0.01    0.06    0.60    6.01   39.63   51.63    2.07    0.00    0.00    0.00    0.00
  L9        360,579,072     0.000     2.213     0.000  |   0.00    0.00    0.01    0.07    0.67    6.60   47.75   42.70    2.21    0.00    0.00    0.00    0.00
  L10       360,579,072     0.000     0.857     0.000  |   0.00    0.00    0.01    0.08    0.79    7.86   50.19   40.22    0.86    0.00    0.00    0.00    0.00
  L11       360,579,072     0.000     0.848     0.000  |   0.00    0.00    0.01    0.10    0.99    9.78   53.48   34.79    0.85    0.00    0.00    0.00    0.00
  AGG    4,326,948,864     0.000     1.131     0.000  |   0.00    0.00    0.01    0.06    0.59    5.86   42.69   49.67    1.13    0.00    0.00    0.00    0.00

Probe: attn_output (Attn × Wₒ)
  Layer            Count  pct_zero     pct>1    pct>10  | magnitude bin percentages ...
  ------------------------------------------------------------
  L0        360,579,072     0.000     0.369     0.000  |   0.00    0.00    0.00    0.04    0.41    4.15   38.47   56.55    0.37    0.00    0.00    0.00    0.00
  L1        360,579,072     0.000     0.170     0.000  |   0.00    0.00    0.00    0.04    0.41    4.12   38.40   56.85    0.17    0.00    0.00    0.00    0.00
  L2        360,579,072     0.000     0.132     0.000  |   0.00    0.00    0.00    0.04    0.40    3.96   36.98   58.49    0.13    0.00    0.00    0.00    0.00
  L3        360,579,072     0.000     0.124     0.000  |   0.00    0.00    0.00    0.04    0.43    4.27   38.97   56.16    0.12    0.00    0.00    0.00    0.00
  L4        360,579,072     0.000     0.482     0.000  |   0.00    0.00    0.00    0.03    0.32    3.19   29.43   66.54    0.48    0.00    0.00    0.00    0.00
  L5        360,579,072     0.000     1.145     0.000  |   0.00    0.00    0.00    0.03    0.28    2.82   26.05   69.67    1.15    0.00    0.00    0.00    0.00
  L6        360,579,072     0.000     0.621     0.000  |   0.00    0.00    0.00    0.03    0.29    2.91   27.07   69.08    0.62    0.00    0.00    0.00    0.00
  L7        360,579,072     0.000     0.427     0.000  |   0.00    0.00    0.00    0.03    0.32    3.16   29.27   66.79    0.43    0.00    0.00    0.00    0.00
  L8        360,579,072     0.000     0.601     0.000  |   0.00    0.00    0.00    0.03    0.28    2.78   25.88   70.42    0.60    0.00    0.00    0.00    0.00
  L9        360,579,072     0.000     0.850     0.000  |   0.00    0.00    0.00    0.03    0.27    2.66   25.65   70.55    0.85    0.00    0.00    0.00    0.00
  L10       360,579,072     0.000     0.115     0.000  |   0.00    0.00    0.00    0.03    0.33    3.34   31.79   64.38    0.12    0.00    0.00    0.00    0.00
  L11       360,579,072     0.000     0.093     0.000  |   0.00    0.00    0.00    0.04    0.36    3.57   31.98   63.96    0.09    0.00    0.00    0.00    0.00
  AGG    4,326,948,864     0.000     0.428     0.000  |   0.00    0.00    0.00    0.03    0.34    3.41   31.66   64.12    0.43    0.00    0.00    0.00    0.00

Probe: post_attn_ln (Post-Attn sub-block)
  Layer            Count  pct_zero     pct>1    pct>10  | magnitude bin percentages ...
  ------------------------------------------------------------
  L0        360,579,072     0.000    27.741     0.031  |   0.00    0.00    0.00    0.01    0.08    0.77    7.65   63.76   27.71    0.03    0.00    0.00    0.00
  L1        360,579,072     0.000    22.608     0.121  |   0.00    0.00    0.00    0.01    0.09    0.87    8.71   67.71   22.49    0.12    0.00    0.00    0.00
  L2        360,579,072     0.000    18.892     0.127  |   0.00    0.00    0.00    0.01    0.10    0.96    9.56   70.48   18.76    0.13    0.00    0.00    0.00
  L3        360,579,072     0.000    17.275     0.122  |   0.00    0.00    0.00    0.01    0.10    1.05   10.40   71.16   17.15    0.12    0.00    0.00    0.00
  L4        360,579,072     0.000    16.114     0.122  |   0.00    0.00    0.00    0.01    0.11    1.10   10.85   71.82   15.99    0.12    0.00    0.00    0.00
  L5        360,579,072     0.000    17.261     0.117  |   0.00    0.00    0.00    0.01    0.11    1.06   10.50   71.06   17.14    0.12    0.00    0.00    0.00
  L6        360,579,072     0.000    17.671     0.114  |   0.00    0.00    0.00    0.01    0.11    1.05   10.39   70.77   17.56    0.11    0.00    0.00    0.00
  L7        360,579,072     0.000    18.829     0.118  |   0.00    0.00    0.00    0.01    0.10    1.01    9.99   70.06   18.71    0.12    0.00    0.00    0.00
  L8        360,579,072     0.000    19.264     0.078  |   0.00    0.00    0.00    0.01    0.10    1.00    9.88   69.75   19.19    0.08    0.00    0.00    0.00
  L9        360,579,072     0.000    18.128     0.071  |   0.00    0.00    0.00    0.01    0.10    0.98    9.80   70.98   18.06    0.07    0.00    0.00    0.00
  L10       360,579,072     0.000    17.325     0.083  |   0.00    0.00    0.00    0.01    0.10    1.01   10.05   71.51   17.24    0.08    0.00    0.00    0.00
  L11       360,579,072     0.000    15.453     0.111  |   0.00    0.00    0.00    0.01    0.11    1.08   10.71   72.64   15.34    0.11    0.00    0.00    0.00
  AGG    4,326,948,864     0.000    18.880     0.101  |   0.00    0.00    0.00    0.01    0.10    0.99    9.87   70.14   18.78    0.10    0.00    0.00    0.00

Probe: gelu_input (FFN1 (GELU in))
  Layer            Count  pct_zero     pct>1    pct>10  | magnitude bin percentages ...
  ------------------------------------------------------------
  L0      1,442,316,288     0.000    84.052     0.114  |   0.00    0.00    0.00    0.00    0.01    0.13    1.32   14.48   83.94    0.11    0.00    0.00    0.00
  L1      1,442,316,288     0.000    81.047     0.027  |   0.00    0.00    0.00    0.00    0.02    0.15    1.53   17.25   81.02    0.03    0.00    0.00    0.00
  L2      1,442,316,288     0.000    84.655     0.032  |   0.00    0.00    0.00    0.00    0.01    0.12    1.16   14.06   84.62    0.03    0.00    0.00    0.00
  L3      1,442,316,288     0.000    81.444     0.069  |   0.00    0.00    0.00    0.00    0.01    0.15    1.46   16.94   81.38    0.07    0.00    0.00    0.00
  L4      1,442,316,288     0.000    80.648     0.045  |   0.00    0.00    0.00    0.00    0.02    0.15    1.54   17.64   80.60    0.05    0.00    0.00    0.00
  L5      1,442,316,288     0.000    77.958     0.014  |   0.00    0.00    0.00    0.00    0.02    0.17    1.74   20.11   77.94    0.01    0.00    0.00    0.00
  L6      1,442,316,288     0.000    80.013     0.004  |   0.00    0.00    0.00    0.00    0.02    0.16    1.55   18.26   80.01    0.00    0.00    0.00    0.00
  L7      1,442,316,288     0.000    78.485     0.015  |   0.00    0.00    0.00    0.00    0.02    0.16    1.56   19.78   78.47    0.01    0.00    0.00    0.00
  L8      1,442,316,288     0.000    76.551     0.029  |   0.00    0.00    0.00    0.00    0.02    0.17    1.67   21.59   76.52    0.03    0.00    0.00    0.00
  L9      1,442,316,288     0.000    77.955     0.097  |   0.00    0.00    0.00    0.00    0.01    0.14    1.37   20.53   77.86    0.10    0.00    0.00    0.00
  L10     1,442,316,288     0.000    74.705     0.032  |   0.00    0.00    0.00    0.00    0.01    0.15    1.50   23.62   74.67    0.03    0.00    0.00    0.00
  L11     1,442,316,288     0.000    65.177     0.018  |   0.00    0.00    0.00    0.00    0.02    0.22    2.21   32.37   65.16    0.02    0.00    0.00    0.00
  AGG   17,307,795,456     0.000    78.557     0.041  |   0.00    0.00    0.00    0.00    0.02    0.15    1.55   19.72   78.52    0.04    0.00    0.00    0.00

Probe: gelu_output (GELU output)
  Layer            Count  pct_zero     pct>1    pct>10  | magnitude bin percentages ...
  ------------------------------------------------------------
  L0      1,442,316,288     1.859     1.585     0.001  |   0.00    1.63    2.95    5.38   10.15   18.61   34.80   23.03    1.58    0.00    0.00    0.00    0.00
  L1      1,442,316,288     0.388     0.887     0.000  |   0.00    0.30    0.84    2.50    7.14   18.02   41.41   28.53    0.89    0.00    0.00    0.00    0.00
  L2      1,442,316,288     0.316     0.500     0.001  |   0.00    0.50    1.32    3.42    8.61   19.92   40.96   24.44    0.50    0.00    0.00    0.00    0.00
  L3      1,442,316,288     0.627     0.614     0.000  |   0.00    0.33    0.78    2.21    6.55   18.10   42.50   28.29    0.61    0.00    0.00    0.00    0.00
  L4      1,442,316,288     0.509     0.575     0.000  |   0.00    0.30    0.65    1.74    5.53   17.44   44.09   29.15    0.57    0.00    0.00    0.00    0.00
  L5      1,442,316,288     0.429     0.569     0.001  |   0.00    0.31    0.64    1.59    4.72   14.85   43.70   33.19    0.57    0.00    0.00    0.00    0.00
  L6      1,442,316,288     0.272     0.445     0.000  |   0.00    0.28    0.63    1.71    5.18   16.11   44.51   30.86    0.44    0.00    0.00    0.00    0.00
  L7      1,442,316,288     0.140     0.391     0.000  |   0.00    0.11    0.29    0.93    3.50   13.62   46.46   34.56    0.39    0.00    0.00    0.00    0.00
  L8      1,442,316,288     0.079     0.453     0.000  |   0.00    0.03    0.12    0.51    2.48   11.75   47.03   37.55    0.45    0.00    0.00    0.00    0.00
  L9      1,442,316,288     0.117     0.258     0.002  |   0.00    0.02    0.08    0.37    1.91   10.32   48.30   38.62    0.26    0.00    0.00    0.00    0.00
  L10     1,442,316,288     0.048     0.238     0.001  |   0.00    0.02    0.05    0.21    1.12    7.21   46.63   44.47    0.24    0.00    0.00    0.00    0.00
  L11     1,442,316,288     0.057     0.472     0.000  |   0.00    0.02    0.03    0.09    0.43    3.58   39.87   55.47    0.47    0.00    0.00    0.00    0.00
  AGG   17,307,795,456     0.403     0.582     0.000  |   0.00    0.32    0.70    1.72    4.78   14.13   43.36   34.01    0.58    0.00    0.00    0.00    0.00

Probe: ffn2_output (FFN2 output)
  Layer            Count  pct_zero     pct>1    pct>10  | magnitude bin percentages ...
  ------------------------------------------------------------
  L0        360,579,072     0.000    24.283     0.245  |   0.00    0.00    0.00    0.01    0.10    0.98    9.71   64.92   24.04    0.24    0.00    0.00    0.00
  L1        360,579,072     0.000     2.935     0.101  |   0.00    0.00    0.00    0.02    0.18    1.75   17.25   77.87    2.83    0.10    0.00    0.00    0.00
  L2        360,579,072     0.000     1.282     0.002  |   0.00    0.00    0.00    0.02    0.23    2.31   22.54   73.61    1.28    0.00    0.00    0.00    0.00
  L3        360,579,072     0.000     1.608     0.002  |   0.00    0.00    0.00    0.02    0.21    2.07   20.18   75.91    1.61    0.00    0.00    0.00    0.00
  L4        360,579,072     0.000     0.926     0.002  |   0.00    0.00    0.00    0.02    0.23    2.30   22.46   74.06    0.92    0.00    0.00    0.00    0.00
  L5        360,579,072     0.000     1.150     0.002  |   0.00    0.00    0.00    0.02    0.24    2.39   23.26   72.94    1.15    0.00    0.00    0.00    0.00
  L6        360,579,072     0.000     0.952     0.002  |   0.00    0.00    0.00    0.02    0.25    2.49   24.06   72.22    0.95    0.00    0.00    0.00    0.00
  L7        360,579,072     0.000     0.450     0.002  |   0.00    0.00    0.00    0.03    0.26    2.65   25.53   71.07    0.45    0.00    0.00    0.00    0.00
  L8        360,579,072     0.000     0.499     0.003  |   0.00    0.00    0.00    0.02    0.25    2.47   24.03   72.73    0.50    0.00    0.00    0.00    0.00
  L9        360,579,072     0.000     0.705     0.018  |   0.00    0.00    0.00    0.03    0.29    2.92   28.26   67.78    0.69    0.01    0.01    0.00    0.00
  L10       360,579,072     0.000     0.527     0.011  |   0.00    0.00    0.00    0.03    0.34    3.36   32.12   63.62    0.52    0.00    0.01    0.00    0.00
  L11       360,579,072     0.000     2.903     0.021  |   0.00    0.00    0.00    0.02    0.24    2.39   23.20   71.24    2.88    0.02    0.00    0.00    0.00
  AGG    4,326,948,864     0.000     3.185     0.034  |   0.00    0.00    0.00    0.02    0.23    2.34   22.72   71.50    3.15    0.03    0.00    0.00    0.00

Probe: post_ffn_ln (Post-FFN sub-block)
  Layer            Count  pct_zero     pct>1    pct>10  | magnitude bin percentages ...
  ------------------------------------------------------------
  L0        360,579,072     0.000     6.574     0.000  |   0.00    0.00    0.00    0.01    0.14    1.44   14.32   77.50    6.57    0.00    0.00    0.00    0.00
  L1        360,579,072     0.000     7.344     0.007  |   0.00    0.00    0.00    0.01    0.15    1.46   14.42   76.61    7.34    0.01    0.00    0.00    0.00
  L2        360,579,072     0.000     6.457     0.005  |   0.00    0.00    0.00    0.02    0.16    1.63   15.87   75.86    6.45    0.01    0.00    0.00    0.00
  L3        360,579,072     0.000     7.912     0.091  |   0.00    0.00    0.00    0.02    0.16    1.61   14.59   75.71    7.82    0.09    0.00    0.00    0.00
  L4        360,579,072     0.000     8.530     0.095  |   0.00    0.00    0.00    0.02    0.16    1.63   14.18   75.48    8.44    0.09    0.00    0.00    0.00
  L5        360,579,072     0.000    11.363     0.088  |   0.00    0.00    0.00    0.01    0.14    1.40   12.66   74.41   11.27    0.09    0.00    0.00    0.00
  L6        360,579,072     0.000    13.461     0.074  |   0.00    0.00    0.00    0.01    0.13    1.32   11.95   73.12   13.39    0.07    0.00    0.00    0.00
  L7        360,579,072     0.000    14.778     0.068  |   0.00    0.00    0.00    0.01    0.13    1.26   11.49   72.33   14.71    0.07    0.00    0.00    0.00
  L8        360,579,072     0.000    16.879     0.068  |   0.00    0.00    0.00    0.01    0.11    1.13   10.80   71.06   16.81    0.07    0.00    0.00    0.00
  L9        360,579,072     0.000    14.373     0.077  |   0.00    0.00    0.00    0.01    0.13    1.28   11.85   72.35   14.30    0.08    0.00    0.00    0.00
  L10       360,579,072     0.000    15.336     0.090  |   0.00    0.00    0.00    0.01    0.14    1.41   11.76   71.34   15.25    0.09    0.00    0.00    0.00
  L11       360,579,072     0.000     3.796     0.000  |   0.00    0.00    0.00    0.02    0.18    1.78   17.57   76.65    3.80    0.00    0.00    0.00    0.00
  AGG    4,326,948,864     0.000    10.567     0.055  |   0.00    0.00    0.00    0.01    0.15    1.45   13.46   74.37   10.51    0.06    0.00    0.00    0.00

Probe: ln1_input (LN₁ input (pre-norm))
  Layer            Count  pct_zero     pct>1    pct>10  | magnitude bin percentages ...
  ------------------------------------------------------------

Probe: ln1_output (LN₁ output (pre-norm))
  Layer            Count  pct_zero     pct>1    pct>10  | magnitude bin percentages ...
  ------------------------------------------------------------

Probe: ln2_input (LN₂ input (pre-norm))
  Layer            Count  pct_zero     pct>1    pct>10  | magnitude bin percentages ...
  ------------------------------------------------------------

Probe: ln2_output (LN₂ output (pre-norm))
  Layer            Count  pct_zero     pct>1    pct>10  | magnitude bin percentages ...
  ------------------------------------------------------------
