Model: textattack/bert-base-uncased-STS-B  Arch: bert  Layers: 12
Magnitude bins: 13 bins from 1e-08 to 1e+05

Probe: input_ids (Input IDs)  [global]
  Layer            Count  pct_zero     pct>1    pct>10  | magnitude bin percentages ...
  ------------------------------------------------------------
  All        735,872    78.274    21.726    21.726  |   0.00    0.00    0.00    0.00    0.00    0.00    0.00    0.00    0.00    0.00    2.45   17.06    2.21

Probe: after_embed (After Embedding)  [global]
  Layer            Count  pct_zero     pct>1    pct>10  | magnitude bin percentages ...
  ------------------------------------------------------------
  All    565,149,696     0.000     4.193     0.001  |   0.00    0.00    0.00    0.02    0.18    1.71   17.39   76.51    4.19    0.00    0.00    0.00    0.00

Probe: query_proj (XW_q + b_q)
  Layer            Count  pct_zero     pct>1    pct>10  | magnitude bin percentages ...
  ------------------------------------------------------------
  L0        565,149,696     0.000    23.755     0.000  |   0.00    0.00    0.00    0.01    0.09    1.00    9.68   65.46   23.75    0.00    0.00    0.00    0.00
  L1        565,149,696     0.000    25.969     0.000  |   0.00    0.00    0.00    0.01    0.09    0.86    8.54   64.54   25.97    0.00    0.00    0.00    0.00
  L2        565,149,696     0.000    25.340     0.000  |   0.00    0.00    0.00    0.01    0.10    0.95    9.46   64.15   25.34    0.00    0.00    0.00    0.00
  L3        565,149,696     0.000    26.150     0.000  |   0.00    0.00    0.00    0.01    0.09    0.88    8.80   64.07   26.15    0.00    0.00    0.00    0.00
  L4        565,149,696     0.000    29.424     0.000  |   0.00    0.00    0.00    0.01    0.08    0.78    7.85   61.85   29.42    0.00    0.00    0.00    0.00
  L5        565,149,696     0.000    33.187     0.000  |   0.00    0.00    0.00    0.01    0.07    0.73    7.33   58.67   33.19    0.00    0.00    0.00    0.00
  L6        565,149,696     0.000    35.507     0.000  |   0.00    0.00    0.00    0.01    0.07    0.69    6.84   56.89   35.51    0.00    0.00    0.00    0.00
  L7        565,149,696     0.000    38.222     0.000  |   0.00    0.00    0.00    0.01    0.06    0.65    6.49   54.57   38.22    0.00    0.00    0.00    0.00
  L8        565,149,696     0.000    38.686     0.000  |   0.00    0.00    0.00    0.01    0.06    0.64    6.37   54.23   38.69    0.00    0.00    0.00    0.00
  L9        565,149,696     0.000    39.121     0.000  |   0.00    0.00    0.00    0.01    0.06    0.63    6.30   53.88   39.12    0.00    0.00    0.00    0.00
  L10       565,149,696     0.000    35.476     0.000  |   0.00    0.00    0.00    0.01    0.07    0.68    6.81   56.96   35.48    0.00    0.00    0.00    0.00
  L11       565,149,696     0.000    34.923     0.000  |   0.00    0.00    0.00    0.01    0.07    0.67    6.74   57.58   34.92    0.00    0.00    0.00    0.00
  AGG    6,781,796,352     0.000    32.147     0.000  |   0.00    0.00    0.00    0.01    0.08    0.76    7.60   59.40   32.15    0.00    0.00    0.00    0.00

Probe: key_proj (XW_k + b_k)
  Layer            Count  pct_zero     pct>1    pct>10  | magnitude bin percentages ...
  ------------------------------------------------------------
  L0        565,149,696     0.000    26.910     0.000  |   0.00    0.00    0.00    0.01    0.10    0.86    8.50   63.63   26.91    0.00    0.00    0.00    0.00
  L1        565,149,696     0.000    26.728     0.000  |   0.00    0.00    0.00    0.01    0.09    0.88    8.75   63.55   26.73    0.00    0.00    0.00    0.00
  L2        565,149,696     0.000    25.476     0.000  |   0.00    0.00    0.00    0.01    0.09    0.92    9.20   64.29   25.48    0.00    0.00    0.00    0.00
  L3        565,149,696     0.000    28.153     0.000  |   0.00    0.00    0.00    0.01    0.08    0.83    8.27   62.65   28.15    0.00    0.00    0.00    0.00
  L4        565,149,696     0.000    29.942     0.000  |   0.00    0.00    0.00    0.01    0.08    0.77    7.67   61.53   29.94    0.00    0.00    0.00    0.00
  L5        565,149,696     0.000    35.618     0.000  |   0.00    0.00    0.00    0.01    0.07    0.70    6.98   56.62   35.62    0.00    0.00    0.00    0.00
  L6        565,149,696     0.000    38.784     0.000  |   0.00    0.00    0.00    0.01    0.06    0.64    6.29   54.21   38.78    0.00    0.00    0.00    0.00
  L7        565,149,696     0.000    42.282     0.000  |   0.00    0.00    0.00    0.01    0.06    0.59    5.88   51.18   42.28    0.00    0.00    0.00    0.00
  L8        565,149,696     0.000    39.197     0.000  |   0.00    0.00    0.00    0.01    0.06    0.63    6.25   53.85   39.20    0.00    0.00    0.00    0.00
  L9        565,149,696     0.000    37.565     0.000  |   0.00    0.00    0.00    0.01    0.06    0.64    6.42   55.30   37.56    0.00    0.00    0.00    0.00
  L10       565,149,696     0.000    34.781     0.000  |   0.00    0.00    0.00    0.01    0.07    0.69    6.91   57.54   34.78    0.00    0.00    0.00    0.00
  L11       565,149,696     0.000    31.207     0.000  |   0.00    0.00    0.00    0.01    0.07    0.75    7.52   60.44   31.21    0.00    0.00    0.00    0.00
  AGG    6,781,796,352     0.000    33.054     0.000  |   0.00    0.00    0.00    0.01    0.08    0.74    7.39   58.73   33.05    0.00    0.00    0.00    0.00

Probe: value_proj (XW_v + b_v)
  Layer            Count  pct_zero     pct>1    pct>10  | magnitude bin percentages ...
  ------------------------------------------------------------
  L0        565,149,696     0.000     2.602     0.000  |   0.00    0.00    0.00    0.02    0.21    2.14   20.90   74.13    2.60    0.00    0.00    0.00    0.00
  L1        565,149,696     0.000     5.289     0.000  |   0.00    0.00    0.00    0.02    0.17    1.71   16.83   75.98    5.29    0.00    0.00    0.00    0.00
  L2        565,149,696     0.000     4.835     0.000  |   0.00    0.00    0.00    0.02    0.17    1.75   17.30   75.92    4.83    0.00    0.00    0.00    0.00
  L3        565,149,696     0.000     5.327     0.000  |   0.00    0.00    0.00    0.02    0.17    1.74   16.94   75.80    5.33    0.00    0.00    0.00    0.00
  L4        565,149,696     0.000     8.784     0.000  |   0.00    0.00    0.00    0.02    0.17    1.67   14.90   74.46    8.78    0.00    0.00    0.00    0.00
  L5        565,149,696     0.000     7.340     0.000  |   0.00    0.00    0.00    0.02    0.17    1.74   15.16   75.56    7.34    0.00    0.00    0.00    0.00
  L6        565,149,696     0.000     8.976     0.000  |   0.00    0.00    0.00    0.02    0.17    1.67   14.68   74.49    8.98    0.00    0.00    0.00    0.00
  L7        565,149,696     0.000     7.118     0.000  |   0.00    0.00    0.00    0.02    0.17    1.68   14.75   76.26    7.12    0.00    0.00    0.00    0.00
  L8        565,149,696     0.000    12.478     0.000  |   0.00    0.00    0.00    0.01    0.15    1.46   12.60   73.30   12.48    0.00    0.00    0.00    0.00
  L9        565,149,696     0.000    12.275     0.000  |   0.00    0.00    0.00    0.01    0.13    1.33   12.29   73.96   12.28    0.00    0.00    0.00    0.00
  L10       565,149,696     0.000    12.115     0.000  |   0.00    0.00    0.00    0.01    0.14    1.43   12.58   73.71   12.11    0.00    0.00    0.00    0.00
  L11       565,149,696     0.000    18.804     0.000  |   0.00    0.00    0.00    0.01    0.14    1.41   10.66   68.97   18.80    0.00    0.00    0.00    0.00
  AGG    6,781,796,352     0.000     8.829     0.000  |   0.00    0.00    0.00    0.02    0.16    1.64   14.97   74.38    8.83    0.00    0.00    0.00    0.00

Probe: qkt_raw (QKᵀ (raw))
  Layer            Count  pct_zero     pct>1    pct>10  | magnitude bin percentages ...
  ------------------------------------------------------------
  L0      1,130,299,392     0.000    95.072    60.976  |   0.00    0.00    0.00    0.00    0.00    0.04    0.44    4.44   34.10   60.98    0.00    0.00    0.00
  L1      1,130,299,392     0.000    91.030    37.602  |   0.00    0.00    0.00    0.00    0.01    0.08    0.80    8.08   53.43   37.60    0.00    0.00    0.00
  L2      1,130,299,392     0.000    93.760    49.539  |   0.00    0.00    0.00    0.00    0.01    0.06    0.56    5.61   44.22   48.83    0.70    0.00    0.00
  L3      1,130,299,392     0.000    94.299    53.750  |   0.00    0.00    0.00    0.00    0.01    0.05    0.51    5.13   40.55   53.75    0.00    0.00    0.00
  L4      1,130,299,392     0.000    94.350    49.397  |   0.00    0.00    0.00    0.00    0.01    0.05    0.51    5.08   44.95   49.40    0.00    0.00    0.00
  L5      1,130,299,392     0.000    95.398    55.709  |   0.00    0.00    0.00    0.00    0.00    0.04    0.41    4.14   39.69   55.71    0.00    0.00    0.00
  L6      1,130,299,392     0.000    96.403    64.759  |   0.00    0.00    0.00    0.00    0.00    0.03    0.32    3.24   31.64   64.76    0.00    0.00    0.00
  L7      1,130,299,392     0.000    95.718    59.460  |   0.00    0.00    0.00    0.00    0.00    0.04    0.39    3.85   36.26   59.46    0.00    0.00    0.00
  L8      1,130,299,392     0.000    95.616    56.816  |   0.00    0.00    0.00    0.00    0.00    0.04    0.39    3.95   38.80   56.82    0.00    0.00    0.00
  L9      1,130,299,392     0.000    95.341    56.790  |   0.00    0.00    0.00    0.00    0.00    0.04    0.42    4.19   38.55   56.79    0.00    0.00    0.00
  L10     1,130,299,392     0.000    95.717    58.518  |   0.00    0.00    0.00    0.00    0.00    0.04    0.39    3.85   37.20   58.51    0.00    0.00    0.00
  L11     1,130,299,392     0.000    95.772    58.371  |   0.00    0.00    0.00    0.00    0.00    0.04    0.38    3.80   37.40   58.37    0.00    0.00    0.00
  AGG   13,563,592,704     0.000    94.873    55.141  |   0.00    0.00    0.00    0.00    0.00    0.05    0.46    4.61   39.73   55.08    0.06    0.00    0.00

Probe: attn_scores (QKᵀ/√dₖ + mask)
  Layer            Count  pct_zero     pct>1    pct>10  | magnitude bin percentages ...
  ------------------------------------------------------------
  L0      1,130,299,392     0.000    90.273    78.275  |   0.00    0.00    0.00    0.00    0.01    0.10    0.98    8.64   12.00    0.00    0.00    0.00   78.27
  L1      1,130,299,392     0.000    87.763    78.296  |   0.00    0.00    0.00    0.00    0.01    0.13    1.31   10.78    9.47    0.02    0.00    0.00   78.27
  L2      1,130,299,392     0.000    88.889    78.660  |   0.00    0.00    0.00    0.00    0.01    0.12    1.23    9.74   10.23    0.39    0.00    0.00   78.27
  L3      1,130,299,392     0.000    90.413    78.291  |   0.00    0.00    0.00    0.00    0.01    0.10    0.96    8.52   12.12    0.02    0.00    0.00   78.27
  L4      1,130,299,392     0.000    90.943    78.277  |   0.00    0.00    0.00    0.00    0.01    0.09    0.86    8.10   12.67    0.00    0.00    0.00   78.27
  L5      1,130,299,392     0.000    91.657    78.275  |   0.00    0.00    0.00    0.00    0.01    0.08    0.80    7.46   13.38    0.00    0.00    0.00   78.27
  L6      1,130,299,392     0.000    92.753    78.278  |   0.00    0.00    0.00    0.00    0.01    0.07    0.67    6.50   14.47    0.00    0.00    0.00   78.27
  L7      1,130,299,392     0.000    92.836    78.276  |   0.00    0.00    0.00    0.00    0.01    0.07    0.66    6.43   14.56    0.00    0.00    0.00   78.27
  L8      1,130,299,392     0.000    92.337    78.283  |   0.00    0.00    0.00    0.00    0.01    0.07    0.72    6.87   14.05    0.01    0.00    0.00   78.27
  L9      1,130,299,392     0.000    93.076    78.280  |   0.00    0.00    0.00    0.00    0.01    0.06    0.65    6.20   14.80    0.01    0.00    0.00   78.27
  L10     1,130,299,392     0.000    93.388    78.274  |   0.00    0.00    0.00    0.00    0.01    0.06    0.60    5.94   15.11    0.00    0.00    0.00   78.27
  L11     1,130,299,392     0.000    93.635    78.274  |   0.00    0.00    0.00    0.00    0.01    0.06    0.56    5.75   15.36    0.00    0.00    0.00   78.27
  AGG   13,563,592,704     0.000    91.497    78.312  |   0.00    0.00    0.00    0.00    0.01    0.08    0.83    7.58   13.19    0.04    0.00    0.00   78.27

Probe: attn_probs (Softmax(scores))
  Layer            Count  pct_zero     pct>1    pct>10  | magnitude bin percentages ...
  ------------------------------------------------------------
  L0      1,130,299,392    78.274     0.000     0.000  |   0.03    0.21    0.74    1.50    3.17    5.86    8.76    1.45    0.00    0.00    0.00    0.00    0.00
  L1      1,130,299,392    78.274     0.000     0.000  |   0.07    0.16    0.40    0.79    2.01    6.73   10.18    1.38    0.00    0.00    0.00    0.00    0.00
  L2      1,130,299,392    78.274     0.000     0.000  |   1.39    0.44    0.45    0.50    1.22    6.00   10.30    1.43    0.00    0.00    0.00    0.00    0.00
  L3      1,130,299,392    78.274     0.000     0.000  |   0.03    0.11    0.39    1.10    3.03    7.88    6.89    2.31    0.00    0.00    0.00    0.00    0.00
  L4      1,130,299,392    78.274     0.000     0.000  |   0.00    0.01    0.09    0.60    2.84    7.47    8.59    2.12    0.00    0.00    0.00    0.00    0.00
  L5      1,130,299,392    78.274     0.000     0.000  |   0.01    0.04    0.22    1.18    4.10    7.75    6.39    2.04    0.00    0.00    0.00    0.00    0.00
  L6      1,130,299,392    78.274     0.000     0.000  |   0.01    0.04    0.28    1.49    4.75    7.56    5.49    2.10    0.00    0.00    0.00    0.00    0.00
  L7      1,130,299,392    78.274     0.000     0.000  |   0.01    0.07    0.44    2.13    5.87    7.29    3.94    1.98    0.00    0.00    0.00    0.00    0.00
  L8      1,130,299,392    78.274     0.000     0.000  |   0.01    0.08    0.45    1.96    5.22    7.62    4.49    1.89    0.00    0.00    0.00    0.00    0.00
  L9      1,130,299,392    78.274     0.000     0.000  |   0.02    0.12    0.66    2.51    5.90    7.12    3.53    1.87    0.00    0.00    0.00    0.00    0.00
  L10     1,130,299,392    78.274     0.000     0.000  |   0.00    0.01    0.07    0.53    3.07    9.31    6.71    2.04    0.00    0.00    0.00    0.00    0.00
  L11     1,130,299,392    78.274     0.000     0.000  |   0.00    0.00    0.00    0.12    2.27    9.44    7.75    2.15    0.00    0.00    0.00    0.00    0.00
  AGG   13,563,592,704    78.274     0.000     0.000  |   0.13    0.11    0.35    1.20    3.62    7.50    6.92    1.90    0.00    0.00    0.00    0.00    0.00

Probe: attn_context (Softmax × V)
  Layer            Count  pct_zero     pct>1    pct>10  | magnitude bin percentages ...
  ------------------------------------------------------------
  L0        565,149,696     0.000     0.204     0.000  |   0.00    0.00    0.00    0.04    0.45    4.75   42.38   52.17    0.20    0.00    0.00    0.00    0.00
  L1        565,149,696     0.000     0.332     0.000  |   0.00    0.00    0.00    0.04    0.42    4.25   39.17   55.78    0.33    0.00    0.00    0.00    0.00
  L2        565,149,696     0.000     0.532     0.000  |   0.00    0.00    0.00    0.04    0.41    4.11   38.04   56.86    0.53    0.00    0.00    0.00    0.00
  L3        565,149,696     0.000     0.273     0.000  |   0.00    0.00    0.01    0.05    0.54    5.38   45.82   47.93    0.27    0.00    0.00    0.00    0.00
  L4        565,149,696     0.000     0.595     0.000  |   0.00    0.00    0.00    0.04    0.39    3.92   34.41   60.65    0.60    0.00    0.00    0.00    0.00
  L5        565,149,696     0.000     0.818     0.000  |   0.00    0.00    0.01    0.05    0.53    5.32   40.29   52.97    0.82    0.00    0.00    0.00    0.00
  L6        565,149,696     0.000     1.087     0.000  |   0.00    0.00    0.01    0.06    0.59    5.82   40.79   51.65    1.09    0.00    0.00    0.00    0.00
  L7        565,149,696     0.000     0.312     0.000  |   0.00    0.00    0.01    0.08    0.81    7.95   49.36   41.49    0.31    0.00    0.00    0.00    0.00
  L8        565,149,696     0.000     0.654     0.000  |   0.00    0.00    0.01    0.08    0.82    8.07   49.44   40.92    0.65    0.00    0.00    0.00    0.00
  L9        565,149,696     0.000     0.745     0.000  |   0.00    0.00    0.01    0.07    0.75    7.41   53.62   37.39    0.74    0.00    0.00    0.00    0.00
  L10       565,149,696     0.000     1.127     0.000  |   0.00    0.00    0.00    0.05    0.50    4.95   39.63   53.74    1.13    0.00    0.00    0.00    0.00
  L11       565,149,696     0.000     1.558     0.000  |   0.00    0.00    0.00    0.05    0.48    4.80   36.80   56.31    1.56    0.00    0.00    0.00    0.00
  AGG    6,781,796,352     0.000     0.686     0.000  |   0.00    0.00    0.01    0.06    0.56    5.56   42.48   50.65    0.69    0.00    0.00    0.00    0.00

Probe: attn_output (Attn × Wₒ)
  Layer            Count  pct_zero     pct>1    pct>10  | magnitude bin percentages ...
  ------------------------------------------------------------
  L0        565,149,696     0.000     0.510     0.000  |   0.00    0.00    0.00    0.04    0.39    3.94   36.91   58.21    0.51    0.00    0.00    0.00    0.00
  L1        565,149,696     0.000     0.215     0.000  |   0.00    0.00    0.00    0.04    0.40    4.04   37.88   57.42    0.21    0.00    0.00    0.00    0.00
  L2        565,149,696     0.000     0.066     0.000  |   0.00    0.00    0.00    0.04    0.42    4.24   39.40   55.83    0.07    0.00    0.00    0.00    0.00
  L3        565,149,696     0.000     0.052     0.000  |   0.00    0.00    0.00    0.05    0.48    4.82   43.80   50.80    0.05    0.00    0.00    0.00    0.00
  L4        565,149,696     0.000     0.351     0.000  |   0.00    0.00    0.00    0.03    0.31    3.13   29.07   67.10    0.35    0.00    0.00    0.00    0.00
  L5        565,149,696     0.000     0.635     0.000  |   0.00    0.00    0.00    0.03    0.34    3.42   31.01   64.56    0.64    0.00    0.00    0.00    0.00
  L6        565,149,696     0.000     0.470     0.000  |   0.00    0.00    0.00    0.03    0.31    3.07   28.42   67.70    0.47    0.00    0.00    0.00    0.00
  L7        565,149,696     0.000     0.048     0.000  |   0.00    0.00    0.00    0.04    0.45    4.46   39.74   55.26    0.05    0.00    0.00    0.00    0.00
  L8        565,149,696     0.000     0.059     0.000  |   0.00    0.00    0.00    0.04    0.39    3.88   35.86   59.77    0.06    0.00    0.00    0.00    0.00
  L9        565,149,696     0.000     0.080     0.000  |   0.00    0.00    0.00    0.04    0.37    3.73   35.02   60.75    0.08    0.00    0.00    0.00    0.00
  L10       565,149,696     0.000     0.336     0.000  |   0.00    0.00    0.00    0.03    0.28    2.76   26.61   69.99    0.34    0.00    0.00    0.00    0.00
  L11       565,149,696     0.000     0.669     0.000  |   0.00    0.00    0.00    0.03    0.26    2.59   24.14   72.31    0.67    0.00    0.00    0.00    0.00
  AGG    6,781,796,352     0.000     0.291     0.000  |   0.00    0.00    0.00    0.04    0.37    3.67   33.99   61.64    0.29    0.00    0.00    0.00    0.00

Probe: post_attn_ln (Post-Attn sub-block)
  Layer            Count  pct_zero     pct>1    pct>10  | magnitude bin percentages ...
  ------------------------------------------------------------
  L0        565,149,696     0.000    26.517     0.018  |   0.00    0.00    0.00    0.01    0.08    0.80    7.99   64.60   26.50    0.02    0.00    0.00    0.00
  L1        565,149,696     0.000    21.751     0.127  |   0.00    0.00    0.00    0.01    0.09    0.90    9.00   68.24   21.62    0.13    0.00    0.00    0.00
  L2        565,149,696     0.000    17.057     0.129  |   0.00    0.00    0.00    0.01    0.10    1.01   10.03   71.79   16.93    0.13    0.00    0.00    0.00
  L3        565,149,696     0.000    15.236     0.128  |   0.00    0.00    0.00    0.01    0.11    1.09   10.80   72.76   15.11    0.13    0.00    0.00    0.00
  L4        565,149,696     0.000    13.936     0.129  |   0.00    0.00    0.00    0.01    0.12    1.15   11.39   73.39   13.81    0.13    0.00    0.00    0.00
  L5        565,149,696     0.000    14.170     0.129  |   0.00    0.00    0.00    0.01    0.11    1.14   11.32   73.24   14.04    0.13    0.00    0.00    0.00
  L6        565,149,696     0.000    15.110     0.131  |   0.00    0.00    0.00    0.01    0.11    1.12   11.05   72.59   14.98    0.13    0.00    0.00    0.00
  L7        565,149,696     0.000    15.892     0.158  |   0.00    0.00    0.00    0.01    0.11    1.09   10.75   72.15   15.73    0.16    0.00    0.00    0.00
  L8        565,149,696     0.000    15.379     0.145  |   0.00    0.00    0.00    0.01    0.11    1.09   10.82   72.59   15.23    0.14    0.00    0.00    0.00
  L9        565,149,696     0.000    13.487     0.113  |   0.00    0.00    0.00    0.01    0.11    1.12   11.13   74.15   13.37    0.11    0.00    0.00    0.00
  L10       565,149,696     0.000    13.281     0.133  |   0.00    0.00    0.00    0.01    0.11    1.11   11.07   74.41   13.15    0.13    0.00    0.00    0.00
  L11       565,149,696     0.000    13.867     0.128  |   0.00    0.00    0.00    0.01    0.11    1.11   11.02   73.88   13.74    0.13    0.00    0.00    0.00
  AGG    6,781,796,352     0.000    16.307     0.122  |   0.00    0.00    0.00    0.01    0.11    1.06   10.53   71.98   16.18    0.12    0.00    0.00    0.00

Probe: gelu_input (FFN1 (GELU in))
  Layer            Count  pct_zero     pct>1    pct>10  | magnitude bin percentages ...
  ------------------------------------------------------------
  L0      2,260,598,784     0.000    84.287     0.113  |   0.00    0.00    0.00    0.00    0.01    0.13    1.34   14.22   84.17    0.11    0.00    0.00    0.00
  L1      2,260,598,784     0.000    78.593     0.021  |   0.00    0.00    0.00    0.00    0.02    0.17    1.66   19.57   78.57    0.02    0.00    0.00    0.00
  L2      2,260,598,784     0.000    85.701     0.032  |   0.00    0.00    0.00    0.00    0.01    0.10    1.04   13.15   85.67    0.03    0.00    0.00    0.00
  L3      2,260,598,784     0.000    81.093     0.062  |   0.00    0.00    0.00    0.00    0.01    0.14    1.43   17.32   81.03    0.06    0.00    0.00    0.00
  L4      2,260,598,784     0.000    78.333     0.043  |   0.00    0.00    0.00    0.00    0.02    0.17    1.68   19.80   78.29    0.04    0.00    0.00    0.00
  L5      2,260,598,784     0.000    78.420     0.011  |   0.00    0.00    0.00    0.00    0.02    0.16    1.59   19.81   78.41    0.01    0.00    0.00    0.00
  L6      2,260,598,784     0.000    80.145     0.002  |   0.00    0.00    0.00    0.00    0.01    0.15    1.47   18.22   80.14    0.00    0.00    0.00    0.00
  L7      2,260,598,784     0.000    76.210     0.022  |   0.00    0.00    0.00    0.00    0.02    0.16    1.66   21.95   76.19    0.02    0.00    0.00    0.00
  L8      2,260,598,784     0.000    72.573     0.021  |   0.00    0.00    0.00    0.00    0.02    0.19    1.91   25.31   72.55    0.02    0.00    0.00    0.00
  L9      2,260,598,784     0.000    67.759     0.075  |   0.00    0.00    0.00    0.00    0.02    0.21    2.08   29.94   67.68    0.08    0.00    0.00    0.00
  L10     2,260,598,784     0.000    62.967     0.029  |   0.00    0.00    0.00    0.00    0.02    0.23    2.36   34.41   62.94    0.03    0.00    0.00    0.00
  L11     2,260,598,784     0.000    58.180     0.000  |   0.00    0.00    0.00    0.00    0.03    0.29    2.93   38.56   58.18    0.00    0.00    0.00    0.00
  AGG   27,127,185,408     0.000    75.355     0.036  |   0.00    0.00    0.00    0.00    0.02    0.18    1.76   22.69   75.32    0.04    0.00    0.00    0.00

Probe: gelu_output (GELU output)
  Layer            Count  pct_zero     pct>1    pct>10  | magnitude bin percentages ...
  ------------------------------------------------------------
  L0      2,260,598,784     2.170     1.755     0.000  |   0.00    1.88    3.41    6.15   11.03   18.89   32.77   21.95    1.75    0.00    0.00    0.00    0.00
  L1      2,260,598,784     0.332     0.987     0.000  |   0.00    0.17    0.49    1.67    5.55   15.89   42.60   32.31    0.99    0.00    0.00    0.00    0.00
  L2      2,260,598,784     0.202     0.361     0.001  |   0.00    0.38    1.14    3.31    8.80   20.69   41.79   23.33    0.36    0.00    0.00    0.00    0.00
  L3      2,260,598,784     0.539     0.495     0.000  |   0.00    0.23    0.55    1.73    5.84   17.43   43.49   29.69    0.50    0.00    0.00    0.00    0.00
  L4      2,260,598,784     0.425     0.555     0.000  |   0.00    0.20    0.41    1.14    4.12   15.19   45.14   32.82    0.56    0.00    0.00    0.00    0.00
  L5      2,260,598,784     0.334     0.342     0.001  |   0.00    0.23    0.46    1.12    3.53   13.31   46.26   34.43    0.34    0.00    0.00    0.00    0.00
  L6      2,260,598,784     0.196     0.344     0.000  |   0.00    0.19    0.44    1.24    4.20   15.00   46.27   32.12    0.34    0.00    0.00    0.00    0.00
  L7      2,260,598,784     0.125     0.324     0.000  |   0.00    0.08    0.21    0.65    2.50   11.04   46.52   38.54    0.32    0.00    0.00    0.00    0.00
  L8      2,260,598,784     0.073     0.310     0.000  |   0.00    0.03    0.08    0.33    1.61    8.58   45.47   43.53    0.31    0.00    0.00    0.00    0.00
  L9      2,260,598,784     0.103     0.184     0.002  |   0.00    0.01    0.04    0.19    0.90    5.50   41.77   51.30    0.18    0.00    0.00    0.00    0.00
  L10     2,260,598,784     0.035     0.240     0.001  |   0.00    0.01    0.02    0.08    0.46    3.54   38.18   57.44    0.24    0.00    0.00    0.00    0.00
  L11     2,260,598,784     0.015     0.343     0.000  |   0.00    0.01    0.01    0.03    0.21    2.46   36.32   60.61    0.34    0.00    0.00    0.00    0.00
  AGG   27,127,185,408     0.379     0.520     0.000  |   0.00    0.28    0.61    1.47    4.06   12.29   42.21   38.17    0.52    0.00    0.00    0.00    0.00

Probe: ffn2_output (FFN2 output)
  Layer            Count  pct_zero     pct>1    pct>10  | magnitude bin percentages ...
  ------------------------------------------------------------
  L0        565,149,696     0.000    30.991     0.345  |   0.00    0.00    0.00    0.01    0.08    0.81    8.04   60.07   30.65    0.35    0.00    0.00    0.00
  L1        565,149,696     0.000     3.752     0.159  |   0.00    0.00    0.00    0.02    0.17    1.66   16.41   78.00    3.59    0.16    0.00    0.00    0.00
  L2        565,149,696     0.000     0.810     0.002  |   0.00    0.00    0.00    0.03    0.26    2.63   25.51   70.76    0.81    0.00    0.00    0.00    0.00
  L3        565,149,696     0.000     1.690     0.002  |   0.00    0.00    0.00    0.02    0.21    2.09   20.40   75.58    1.69    0.00    0.00    0.00    0.00
  L4        565,149,696     0.000     0.719     0.002  |   0.00    0.00    0.00    0.02    0.24    2.40   23.42   73.19    0.72    0.00    0.00    0.00    0.00
  L5        565,149,696     0.000     0.819     0.002  |   0.00    0.00    0.00    0.03    0.27    2.75   26.52   69.61    0.82    0.00    0.00    0.00    0.00
  L6        565,149,696     0.000     0.569     0.002  |   0.00    0.00    0.00    0.03    0.27    2.72   26.23   70.18    0.57    0.00    0.00    0.00    0.00
  L7        565,149,696     0.000     0.601     0.001  |   0.00    0.00    0.00    0.03    0.29    2.84   27.37   68.87    0.60    0.00    0.00    0.00    0.00
  L8        565,149,696     0.000     0.320     0.002  |   0.00    0.00    0.00    0.03    0.29    2.86   27.57   68.94    0.32    0.00    0.00    0.00    0.00
  L9        565,149,696     0.000     0.591     0.017  |   0.00    0.00    0.00    0.03    0.30    3.03   29.22   66.83    0.57    0.01    0.01    0.00    0.00
  L10       565,149,696     0.000     0.444     0.011  |   0.00    0.00    0.00    0.03    0.30    2.98   28.81   67.43    0.43    0.00    0.01    0.00    0.00
  L11       565,149,696     0.000     0.794     0.006  |   0.00    0.00    0.00    0.03    0.28    2.84   27.47   68.58    0.79    0.01    0.00    0.00    0.00
  AGG    6,781,796,352     0.000     3.508     0.046  |   0.00    0.00    0.00    0.02    0.25    2.47   23.91   69.84    3.46    0.04    0.00    0.00    0.00

Probe: post_ffn_ln (Post-FFN sub-block)
  Layer            Count  pct_zero     pct>1    pct>10  | magnitude bin percentages ...
  ------------------------------------------------------------
  L0        565,149,696     0.000     4.790     0.000  |   0.00    0.00    0.00    0.02    0.16    1.56   15.46   78.02    4.79    0.00    0.00    0.00    0.00
  L1        565,149,696     0.000     4.763     0.004  |   0.00    0.00    0.00    0.02    0.16    1.62   16.02   77.42    4.76    0.00    0.00    0.00    0.00
  L2        565,149,696     0.000     4.028     0.009  |   0.00    0.00    0.00    0.02    0.18    1.77   17.32   76.68    4.02    0.01    0.00    0.00    0.00
  L3        565,149,696     0.000     5.515     0.112  |   0.00    0.00    0.00    0.02    0.17    1.72   15.79   76.78    5.40    0.11    0.00    0.00    0.00
  L4        565,149,696     0.000     5.554     0.115  |   0.00    0.00    0.00    0.02    0.18    1.77   15.56   76.92    5.44    0.11    0.00    0.00    0.00
  L5        565,149,696     0.000     8.146     0.113  |   0.00    0.00    0.00    0.02    0.15    1.52   13.81   76.35    8.03    0.11    0.00    0.00    0.00
  L6        565,149,696     0.000    10.750     0.103  |   0.00    0.00    0.00    0.01    0.14    1.40   12.79   74.90   10.65    0.10    0.00    0.00    0.00
  L7        565,149,696     0.000    12.389     0.099  |   0.00    0.00    0.00    0.01    0.13    1.29   12.16   74.03   12.29    0.10    0.00    0.00    0.00
  L8        565,149,696     0.000    13.965     0.096  |   0.00    0.00    0.00    0.01    0.12    1.20   11.60   73.10   13.87    0.10    0.00    0.00    0.00
  L9        565,149,696     0.000    12.480     0.104  |   0.00    0.00    0.00    0.01    0.13    1.30   12.18   73.89   12.38    0.10    0.00    0.00    0.00
  L10       565,149,696     0.000    13.190     0.113  |   0.00    0.00    0.00    0.01    0.14    1.42   12.28   72.95   13.08    0.11    0.00    0.00    0.00
  L11       565,149,696     0.000     2.066     0.000  |   0.00    0.00    0.00    0.02    0.19    1.93   19.05   76.74    2.07    0.00    0.00    0.00    0.00
  AGG    6,781,796,352     0.000     8.136     0.072  |   0.00    0.00    0.00    0.02    0.15    1.54   14.50   75.65    8.06    0.07    0.00    0.00    0.00

Probe: ln1_input (LN₁ input (pre-norm))
  Layer            Count  pct_zero     pct>1    pct>10  | magnitude bin percentages ...
  ------------------------------------------------------------

Probe: ln1_output (LN₁ output (pre-norm))
  Layer            Count  pct_zero     pct>1    pct>10  | magnitude bin percentages ...
  ------------------------------------------------------------

Probe: ln2_input (LN₂ input (pre-norm))
  Layer            Count  pct_zero     pct>1    pct>10  | magnitude bin percentages ...
  ------------------------------------------------------------

Probe: ln2_output (LN₂ output (pre-norm))
  Layer            Count  pct_zero     pct>1    pct>10  | magnitude bin percentages ...
  ------------------------------------------------------------
