Model: textattack/bert-base-uncased-STS-B  Arch: bert  Layers: 12

Probe: input_ids (Input IDs)  [global]
  Layer            Count        Mean         Std         Min         Max      AccumMax
  ----------------------------------------------------------------------------------
  All        735,872    885.6279   2945.4734      0.0000  30108.0000             —

Probe: after_embed (After Embedding)  [global]
  Layer            Count        Mean         Std         Min         Max      AccumMax
  ----------------------------------------------------------------------------------
  All    565,149,696     -0.0484      0.4719    -11.1175      4.2473             —

Probe: query_proj (XW_q + b_q)
  Layer            Count        Mean         Std         Min         Max      AccumMax
  ----------------------------------------------------------------------------------
  L0        565,149,696      0.0022      0.9896     -7.6963      6.4501       20.0131
  L1        565,149,696      0.0493      0.9601     -7.8158      8.4966       22.0731
  L2        565,149,696      0.0492      1.1105    -12.6108     10.8654       35.4387
  L3        565,149,696     -0.0198      1.0080     -8.5746      8.9519       25.5205
  L4        565,149,696      0.0160      1.0379     -8.1095      9.1189       21.5249
  L5        565,149,696     -0.0501      1.1449     -7.7004      8.1850       22.8285
  L6        565,149,696     -0.0551      1.2107     -8.2049      8.1471       22.4527
  L7        565,149,696     -0.0334      1.2733     -9.4256      9.3111       23.6740
  L8        565,149,696     -0.0849      1.2436     -8.4918      7.8546       22.8276
  L9        565,149,696      0.0124      1.2520     -9.5472      8.7242       23.0433
  L10       565,149,696     -0.0085      1.1171     -8.0747      8.2238       22.9053
  L11       565,149,696      0.0480      1.1101     -8.6961      7.2770       22.3689

Probe: key_proj (XW_k + b_k)
  Layer            Count        Mean         Std         Min         Max      AccumMax
  ----------------------------------------------------------------------------------
  L0        565,149,696     -0.0278      1.0718     -6.6870      8.7415       20.4760
  L1        565,149,696     -0.0244      1.0308     -7.0360      6.8618       22.2981
  L2        565,149,696      0.0354      1.0685     -9.6079     10.2564       34.3248
  L3        565,149,696     -0.0042      1.0233     -7.8730      6.6098       25.9486
  L4        565,149,696      0.0294      1.0165     -7.1580      7.9317       21.5511
  L5        565,149,696      0.0210      1.1684     -7.0020      7.7421       22.7320
  L6        565,149,696     -0.0064      1.2122     -7.4238      8.1092       21.9097
  L7        565,149,696     -0.0007      1.2917     -7.8793      7.9320       23.2137
  L8        565,149,696     -0.0119      1.2220     -7.8846      8.9642       23.2477
  L9        565,149,696      0.0322      1.1743     -8.2042      9.3710       23.2084
  L10       565,149,696     -0.0035      1.1512     -9.0125      7.4551       22.0620
  L11       565,149,696      0.0029      1.0371     -7.9963      7.5867       21.9567

Probe: value_proj (XW_v + b_v)
  Layer            Count        Mean         Std         Min         Max      AccumMax
  ----------------------------------------------------------------------------------
  L0        565,149,696      0.0170      0.4144     -3.9034      3.6371       13.3897
  L1        565,149,696     -0.0242      0.5028     -6.0053      5.7246       18.4363
  L2        565,149,696      0.0017      0.4984     -4.8778      5.2264       17.6786
  L3        565,149,696     -0.0128      0.5176     -5.2315      5.3856       18.7990
  L4        565,149,696      0.0258      0.5873     -5.4300      5.7107       19.0922
  L5        565,149,696     -0.0163      0.5592     -6.5007      6.7251       18.6284
  L6        565,149,696      0.0011      0.5952     -5.6357      5.6769       17.9307
  L7        565,149,696      0.0099      0.5493     -4.6925      4.8100       16.5355
  L8        565,149,696     -0.0205      0.6597     -5.4291      5.1761       18.0029
  L9        565,149,696      0.0099      0.6662     -5.7112      5.4029       18.2907
  L10       565,149,696      0.0159      0.6548     -9.4215      8.3189       18.3541
  L11       565,149,696     -0.0048      0.7685     -6.9480      5.9948       20.0548

Probe: qkt_raw (QKᵀ (raw))
  Layer            Count        Mean         Std         Min         Max      AccumMax
  ----------------------------------------------------------------------------------
  L0      1,130,299,392      3.8331     19.8172    -97.9020     99.9095      134.3814
  L1      1,130,299,392     -2.1907     15.1104   -131.8686    130.2716      176.7551
  L2      1,130,299,392      3.7003     23.1293   -335.4768    326.1666      442.5852
  L3      1,130,299,392      9.7626     16.0771   -118.6472    151.5350      185.7721
  L4      1,130,299,392      2.9151     14.5946    -92.3859    129.8550      163.0479
  L5      1,130,299,392      5.5983     16.4035   -127.2489    126.4431      193.5555
  L6      1,130,299,392      7.6956     18.8027   -158.1770    120.1536      204.4529
  L7      1,130,299,392      5.3052     18.2108   -133.2547    158.0418      196.7701
  L8      1,130,299,392      7.3174     15.7296   -121.7152    160.3856      237.9634
  L9      1,130,299,392      2.1066     18.5263   -157.7212    133.8204      249.9509
  L10     1,130,299,392     -7.4689     16.8909   -160.2347    113.8684      202.6032
  L11     1,130,299,392     -9.6468     14.1215    -99.2493    103.0451      173.4727

Probe: attn_scores (QKᵀ/√dₖ + mask)
  Layer            Count        Mean         Std         Min         Max      AccumMax
  ----------------------------------------------------------------------------------
  L0      1,130,299,392-266351008989832684870398239292392472576.0000140327069301321969352167163998031052800.0000-340282346638528859811704183484516925440.0000     12.4209             —
  L1      1,130,299,392-266351008989832684870398239292392472576.0000140327069301321969352167163998031052800.0000-340282346638528859811704183484516925440.0000     16.2840             —
  L2      1,130,299,392-266351008989832684870398239292392472576.0000140327069301321969352167163998031052800.0000-340282346638528859811704183484516925440.0000     35.6915             —
  L3      1,130,299,392-266351008989832684870398239292392472576.0000140327069301321969352167163998031052800.0000-340282346638528859811704183484516925440.0000     18.9419             —
  L4      1,130,299,392-266351008989832684870398239292392472576.0000140327069301321969352167163998031052800.0000-340282346638528859811704183484516925440.0000     16.2319             —
  L5      1,130,299,392-266351008989832684870398239292392472576.0000140327069301321969352167163998031052800.0000-340282346638528859811704183484516925440.0000     15.8054             —
  L6      1,130,299,392-266351008989832684870398239292392472576.0000140327069301321969352167163998031052800.0000-340282346638528859811704183484516925440.0000     15.0192             —
  L7      1,130,299,392-266351008989832684870398239292392472576.0000140327069301321969352167163998031052800.0000-340282346638528859811704183484516925440.0000     19.7552             —
  L8      1,130,299,392-266351008989832684870398239292392472576.0000140327069301321969352167163998031052800.0000-340282346638528859811704183484516925440.0000     20.0482             —
  L9      1,130,299,392-266351008989832684870398239292392472576.0000140327069301321969352167163998031052800.0000-340282346638528859811704183484516925440.0000     16.7276             —
  L10     1,130,299,392-266351008989832684870398239292392472576.0000140327069301321969352167163998031052800.0000-340282346638528859811704183484516925440.0000     14.2335             —
  L11     1,130,299,392-266351008989832684870398239292392472576.0000140327069301321969352167163998031052800.0000-340282346638528859811704183484516925440.0000     12.8806             —

Probe: attn_probs (Softmax(scores))
  Layer            Count        Mean         Std         Min         Max      AccumMax
  ----------------------------------------------------------------------------------
  L0      1,130,299,392      0.0078      0.0524      0.0000      1.0000             —
  L1      1,130,299,392      0.0078      0.0474      0.0000      0.9999             —
  L2      1,130,299,392      0.0078      0.0457      0.0000      1.0000             —
  L3      1,130,299,392      0.0078      0.0407      0.0000      1.0000             —
  L4      1,130,299,392      0.0078      0.0360      0.0000      0.9994             —
  L5      1,130,299,392      0.0078      0.0430      0.0000      0.9999             —
  L6      1,130,299,392      0.0078      0.0439      0.0000      0.9997             —
  L7      1,130,299,392      0.0078      0.0487      0.0000      1.0000             —
  L8      1,130,299,392      0.0078      0.0489      0.0000      0.9998             —
  L9      1,130,299,392      0.0078      0.0527      0.0000      0.9994             —
  L10     1,130,299,392      0.0078      0.0419      0.0000      0.9993             —
  L11     1,130,299,392      0.0078      0.0382      0.0000      0.9949             —

Probe: attn_context (Softmax × V)
  Layer            Count        Mean         Std         Min         Max      AccumMax
  ----------------------------------------------------------------------------------
  L0        565,149,696     -0.0023      0.1963     -3.0588      3.4198        3.4370
  L1        565,149,696     -0.0012      0.2152     -3.4451      3.5913        3.6967
  L2        565,149,696     -0.0001      0.2380     -3.7074      3.9622        3.9731
  L3        565,149,696      0.0019      0.1987     -3.7239      4.6966        4.6970
  L4        565,149,696     -0.0021      0.2705     -4.2776      4.4543        4.4677
  L5        565,149,696     -0.0012      0.2710     -4.4035      4.0084        4.4116
  L6        565,149,696      0.0010      0.2877     -3.9870      3.9097        3.9870
  L7        565,149,696      0.0003      0.2173     -3.3220      3.4112        3.4114
  L8        565,149,696     -0.0069      0.2373     -4.4066      3.1230        4.4387
  L9        565,149,696      0.0026      0.2256     -4.5808      4.2367        4.6304
  L10       565,149,696      0.0050      0.2883     -3.9707      4.4705        5.1247
  L11       565,149,696     -0.0020      0.3206     -4.6580      4.1764        4.6580

Probe: attn_output (Attn × Wₒ)
  Layer            Count        Mean         Std         Min         Max      AccumMax
  ----------------------------------------------------------------------------------
  L0        565,149,696     -0.0001      0.2322     -6.0585      5.9632       16.4976
  L1        565,149,696     -0.0002      0.2087     -3.1662      3.0772       11.7015
  L2        565,149,696      0.0000      0.1925     -2.8160      3.2987       11.5576
  L3        565,149,696      0.0015      0.1769     -2.9902      2.8671       11.4969
  L4        565,149,696      0.0007      0.2773     -3.3670      4.0567       13.8923
  L5        565,149,696     -0.0016      0.2880     -4.0993      3.3185       17.7639
  L6        565,149,696     -0.0034      0.2917     -3.0872      3.0126       14.9918
  L7        565,149,696     -0.0012      0.1974     -3.3652      2.3453       16.3338
  L8        565,149,696     -0.0011      0.2088     -3.7326      5.6488       19.7269
  L9        565,149,696     -0.0010      0.2190     -4.9136      4.5030       20.1580
  L10       565,149,696      0.0003      0.2947     -3.2627      2.4063       17.4127
  L11       565,149,696      0.0015      0.3337     -2.2110      2.6581       15.6135

Probe: post_attn_ln (Post-Attn sub-block)
  Layer            Count        Mean         Std         Min         Max      AccumMax
  ----------------------------------------------------------------------------------
  L0        565,149,696     -0.0185      1.0998    -65.7410      9.2211             —
  L1        565,149,696     -0.0419      1.3292    -72.2506      5.6398             —
  L2        565,149,696     -0.0442      1.5100    -57.4538      5.6649             —
  L3        565,149,696     -0.0308      1.3656    -94.9408      5.2869             —
  L4        565,149,696     -0.0381      1.3373   -102.7746      5.7276             —
  L5        565,149,696     -0.0317      1.1748    -93.1830      5.7236             —
  L6        565,149,696     -0.0317      1.1016    -91.9436      5.6185             —
  L7        565,149,696     -0.0362      1.0212    -90.3793      6.9322             —
  L8        565,149,696     -0.0338      0.9789    -85.8596      7.3088             —
  L9        565,149,696     -0.0323      0.8669    -58.2932     16.5673             —
  L10       565,149,696     -0.0217      0.8827    -56.5474     19.4398             —
  L11       565,149,696     -0.0526      1.2583    -40.6164      6.6883             —

Probe: gelu_input (FFN1 (GELU in))
  Layer            Count        Mean         Std         Min         Max      AccumMax
  ----------------------------------------------------------------------------------
  L0      2,260,598,784     -2.3927      1.6430    -19.0999     14.0350       45.8869
  L1      2,260,598,784     -1.8518      1.2087    -19.8209     11.3247       45.6295
  L2      2,260,598,784     -2.2013      1.1962    -25.8005     66.4789      101.9504
  L3      2,260,598,784     -1.9665      1.2083    -60.4383      9.5541       85.2160
  L4      2,260,598,784     -1.8252      1.1750    -61.3050     11.5108       77.6492
  L5      2,260,598,784     -1.7935      1.0959    -49.4663     14.2185       56.6613
  L6      2,260,598,784     -1.8544      1.0741    -25.7339      9.4666       44.9572
  L7      2,260,598,784     -1.6672      1.0050    -22.0102      9.0443       48.8985
  L8      2,260,598,784     -1.5300      0.9494    -24.6108     21.5041       61.0472
  L9      2,260,598,784     -1.3884      0.9351    -40.8177     98.1783      115.2283
  L10     2,260,598,784     -1.2495      0.8706    -31.3957    147.2284      160.9622
  L11     2,260,598,784     -1.1350      0.7727    -13.6504     15.1709       42.2636

Probe: gelu_output (GELU output)
  Layer            Count        Mean         Std         Min         Max      AccumMax
  ----------------------------------------------------------------------------------
  L0      2,260,598,784      0.0160      0.3723     -0.1700     14.0350             —
  L1      2,260,598,784     -0.0295      0.2302     -0.1700     11.3247             —
  L2      2,260,598,784     -0.0340      0.1960     -0.1700     66.4789             —
  L3      2,260,598,784     -0.0397      0.1624     -0.1700      9.5541             —
  L4      2,260,598,784     -0.0405      0.1776     -0.1700     11.5108             —
  L5      2,260,598,784     -0.0509      0.1527     -0.1700     14.2185             —
  L6      2,260,598,784     -0.0478      0.1529     -0.1700      9.4666             —
  L7      2,260,598,784     -0.0579      0.1433     -0.1700      9.0443             —
  L8      2,260,598,784     -0.0645      0.1395     -0.1700     21.5041             —
  L9      2,260,598,784     -0.0793      0.2013     -0.1700     98.1783             —
  L10     2,260,598,784     -0.0842      0.3196     -0.1700    147.2284             —
  L11     2,260,598,784     -0.0817      0.1521     -0.1700     15.1709             —

Probe: ffn2_output (FFN2 output)
  Layer            Count        Mean         Std         Min         Max      AccumMax
  ----------------------------------------------------------------------------------
  L0        565,149,696     -0.0547      1.9729    -62.9794     20.5337       77.3522
  L1        565,149,696     -0.0156      0.7882    -50.4095      5.0388       69.6253
  L2        565,149,696     -0.0064      1.1106   -280.1884      6.4764      282.0440
  L3        565,149,696      0.0040      0.5735   -109.9899      4.5231      110.5378
  L4        565,149,696      0.0002      0.4920    -89.8798      4.2478       90.7366
  L5        565,149,696     -0.0024      0.4329    -71.7441      5.0216       72.7814
  L6        565,149,696     -0.0029      0.3553    -43.2816      3.8781       46.4160
  L7        565,149,696     -0.0001      0.3017    -17.3847      4.6603       30.7562
  L8        565,149,696      0.0010      0.3048   -114.5581     39.3947      139.3629
  L9        565,149,696     -0.0119      2.8605   -803.2583    560.1938      822.6989
  L10       565,149,696     -0.0300      4.4382  -1119.0238     37.3501     1137.8706
  L11       565,149,696      0.0035      0.3367    -73.6194     22.4472       93.5862

Probe: post_ffn_ln (Post-FFN sub-block)
  Layer            Count        Mean         Std         Min         Max      AccumMax
  ----------------------------------------------------------------------------------
  L0        565,149,696     -0.0188      0.5150    -10.1407      4.0477             —
  L1        565,149,696     -0.0159      0.5899    -11.4503      4.8472             —
  L2        565,149,696     -0.0176      0.5771    -14.8365      4.6206             —
  L3        565,149,696     -0.0277      0.6665    -13.7709      4.5681             —
  L4        565,149,696     -0.0256      0.6972    -15.1360      5.0044             —
  L5        565,149,696     -0.0281      0.7441    -16.1267      5.2064             —
  L6        565,149,696     -0.0298      0.7639    -16.2959      5.2000             —
  L7        565,149,696     -0.0348      0.8393    -21.5967      4.9095             —
  L8        565,149,696     -0.0371      0.8953    -25.6518      7.2628             —
  L9        565,149,696     -0.0363      0.9029    -26.7772      6.8068             —
  L10       565,149,696     -0.0426      0.9534    -29.6921      5.3075             —
  L11       565,149,696     -0.0099      0.4525     -9.7052      3.8853             —

Probe: ln1_input (LN₁ input (pre-norm))
  Layer            Count        Mean         Std         Min         Max      AccumMax
  ----------------------------------------------------------------------------------

Probe: ln1_output (LN₁ output (pre-norm))
  Layer            Count        Mean         Std         Min         Max      AccumMax
  ----------------------------------------------------------------------------------

Probe: ln2_input (LN₂ input (pre-norm))
  Layer            Count        Mean         Std         Min         Max      AccumMax
  ----------------------------------------------------------------------------------

Probe: ln2_output (LN₂ output (pre-norm))
  Layer            Count        Mean         Std         Min         Max      AccumMax
  ----------------------------------------------------------------------------------
