Model: textattack/bert-base-uncased-WNLI  Arch: bert  Layers: 12
Magnitude bins: 13 bins from 1e-08 to 1e+05

Probe: input_ids (Input IDs)  [global]
  Layer            Count  pct_zero     pct>1    pct>10  | magnitude bin percentages ...
  ------------------------------------------------------------
  All         81,280    71.040    28.960    28.960  |   0.00    0.00    0.00    0.00    0.00    0.00    0.00    0.00    0.00    0.00    2.45   24.68    1.83

Probe: after_embed (After Embedding)  [global]
  Layer            Count  pct_zero     pct>1    pct>10  | magnitude bin percentages ...
  ------------------------------------------------------------
  All     62,423,040     0.000     4.223     0.001  |   0.00    0.00    0.00    0.02    0.17    1.61   16.72   77.26    4.22    0.00    0.00    0.00    0.00

Probe: query_proj (XW_q + b_q)
  Layer            Count  pct_zero     pct>1    pct>10  | magnitude bin percentages ...
  ------------------------------------------------------------
  L0         62,423,040     0.000    23.807     0.000  |   0.00    0.00    0.00    0.01    0.11    0.96    9.63   65.49   23.81    0.00    0.00    0.00    0.00
  L1         62,423,040     0.000    24.991     0.000  |   0.00    0.00    0.00    0.01    0.09    0.89    8.83   65.19   24.99    0.00    0.00    0.00    0.00
  L2         62,423,040     0.000    25.997     0.000  |   0.00    0.00    0.00    0.01    0.09    0.91    9.08   63.91   26.00    0.00    0.00    0.00    0.00
  L3         62,423,040     0.000    26.896     0.000  |   0.00    0.00    0.00    0.01    0.08    0.85    8.43   63.73   26.90    0.00    0.00    0.00    0.00
  L4         62,423,040     0.000    29.035     0.000  |   0.00    0.00    0.00    0.01    0.08    0.79    7.88   62.21   29.04    0.00    0.00    0.00    0.00
  L5         62,423,040     0.000    33.191     0.000  |   0.00    0.00    0.00    0.01    0.07    0.73    7.34   58.66   33.19    0.00    0.00    0.00    0.00
  L6         62,423,040     0.000    33.530     0.000  |   0.00    0.00    0.00    0.01    0.07    0.72    7.19   58.48   33.53    0.00    0.00    0.00    0.00
  L7         62,423,040     0.000    34.577     0.000  |   0.00    0.00    0.00    0.01    0.07    0.70    7.02   57.62   34.58    0.00    0.00    0.00    0.00
  L8         62,423,040     0.000    34.344     0.000  |   0.00    0.00    0.00    0.01    0.07    0.70    6.96   57.92   34.34    0.00    0.00    0.00    0.00
  L9         62,423,040     0.000    33.922     0.000  |   0.00    0.00    0.00    0.01    0.07    0.70    7.03   58.26   33.92    0.00    0.00    0.00    0.00
  L10        62,423,040     0.000    33.570     0.000  |   0.00    0.00    0.00    0.01    0.07    0.71    7.13   58.51   33.57    0.00    0.00    0.00    0.00
  L11        62,423,040     0.000    32.604     0.000  |   0.00    0.00    0.00    0.01    0.07    0.70    7.14   59.47   32.60    0.00    0.00    0.00    0.00
  AGG      749,076,480     0.000    30.539     0.000  |   0.00    0.00    0.00    0.01    0.08    0.78    7.80   60.79   30.54    0.00    0.00    0.00    0.00

Probe: key_proj (XW_k + b_k)
  Layer            Count  pct_zero     pct>1    pct>10  | magnitude bin percentages ...
  ------------------------------------------------------------
  L0         62,423,040     0.000    27.374     0.000  |   0.00    0.00    0.00    0.01    0.09    0.85    8.38   63.29   27.37    0.00    0.00    0.00    0.00
  L1         62,423,040     0.000    26.374     0.000  |   0.00    0.00    0.00    0.01    0.09    0.88    8.79   63.85   26.37    0.00    0.00    0.00    0.00
  L2         62,423,040     0.000    25.515     0.000  |   0.00    0.00    0.00    0.01    0.09    0.89    8.89   64.60   25.52    0.00    0.00    0.00    0.00
  L3         62,423,040     0.000    26.280     0.000  |   0.00    0.00    0.00    0.01    0.09    0.89    8.81   63.92   26.28    0.00    0.00    0.00    0.00
  L4         62,423,040     0.000    26.808     0.000  |   0.00    0.00    0.00    0.01    0.08    0.83    8.29   63.98   26.81    0.00    0.00    0.00    0.00
  L5         62,423,040     0.000    32.543     0.000  |   0.00    0.00    0.00    0.01    0.08    0.75    7.55   59.07   32.54    0.00    0.00    0.00    0.00
  L6         62,423,040     0.000    34.955     0.000  |   0.00    0.00    0.00    0.01    0.07    0.70    6.91   57.36   34.96    0.00    0.00    0.00    0.00
  L7         62,423,040     0.000    36.264     0.000  |   0.00    0.00    0.00    0.01    0.07    0.67    6.74   56.25   36.26    0.00    0.00    0.00    0.00
  L8         62,423,040     0.000    33.310     0.000  |   0.00    0.00    0.00    0.01    0.07    0.72    7.10   58.79   33.31    0.00    0.00    0.00    0.00
  L9         62,423,040     0.000    32.170     0.000  |   0.00    0.00    0.00    0.01    0.07    0.72    7.20   59.83   32.17    0.00    0.00    0.00    0.00
  L10        62,423,040     0.000    31.846     0.000  |   0.00    0.00    0.00    0.01    0.07    0.75    7.49   59.83   31.85    0.00    0.00    0.00    0.00
  L11        62,423,040     0.000    30.367     0.000  |   0.00    0.00    0.00    0.01    0.08    0.79    7.81   60.95   30.37    0.00    0.00    0.00    0.00
  AGG      749,076,480     0.000    30.317     0.000  |   0.00    0.00    0.00    0.01    0.08    0.79    7.83   60.98   30.32    0.00    0.00    0.00    0.00

Probe: value_proj (XW_v + b_v)
  Layer            Count  pct_zero     pct>1    pct>10  | magnitude bin percentages ...
  ------------------------------------------------------------
  L0         62,423,040     0.000     2.808     0.000  |   0.00    0.00    0.00    0.03    0.21    2.07   20.39   74.50    2.81    0.00    0.00    0.00    0.00
  L1         62,423,040     0.000     5.843     0.000  |   0.00    0.00    0.00    0.02    0.17    1.73   16.84   75.39    5.84    0.00    0.00    0.00    0.00
  L2         62,423,040     0.000     5.303     0.000  |   0.00    0.00    0.00    0.02    0.17    1.75   17.23   75.52    5.30    0.00    0.00    0.00    0.00
  L3         62,423,040     0.000     6.119     0.000  |   0.00    0.00    0.00    0.02    0.17    1.69   16.45   75.55    6.12    0.00    0.00    0.00    0.00
  L4         62,423,040     0.000     9.162     0.000  |   0.00    0.00    0.00    0.02    0.16    1.60   14.26   74.80    9.16    0.00    0.00    0.00    0.00
  L5         62,423,040     0.000     7.171     0.000  |   0.00    0.00    0.00    0.02    0.18    1.79   15.59   75.25    7.17    0.00    0.00    0.00    0.00
  L6         62,423,040     0.000     8.421     0.000  |   0.00    0.00    0.00    0.02    0.17    1.71   14.77   74.91    8.42    0.00    0.00    0.00    0.00
  L7         62,423,040     0.000     5.556     0.000  |   0.00    0.00    0.00    0.02    0.19    1.85   16.13   76.26    5.56    0.00    0.00    0.00    0.00
  L8         62,423,040     0.000    10.272     0.000  |   0.00    0.00    0.00    0.02    0.16    1.65   13.58   74.31   10.27    0.00    0.00    0.00    0.00
  L9         62,423,040     0.000     9.527     0.000  |   0.00    0.00    0.00    0.02    0.15    1.53   13.66   75.12    9.53    0.00    0.00    0.00    0.00
  L10        62,423,040     0.000     9.770     0.000  |   0.00    0.00    0.00    0.02    0.18    1.83   14.65   73.54    9.77    0.00    0.00    0.00    0.00
  L11        62,423,040     0.000    11.862     0.000  |   0.00    0.00    0.00    0.02    0.21    2.05   13.41   72.45   11.86    0.00    0.00    0.00    0.00
  AGG      749,076,480     0.000     7.651     0.000  |   0.00    0.00    0.00    0.02    0.18    1.77   15.58   74.80    7.65    0.00    0.00    0.00    0.00

Probe: qkt_raw (QKᵀ (raw))
  Layer            Count  pct_zero     pct>1    pct>10  | magnitude bin percentages ...
  ------------------------------------------------------------
  L0        124,846,080     0.000    95.077    58.950  |   0.00    0.00    0.00    0.00    0.00    0.05    0.45    4.42   36.13   58.95    0.00    0.00    0.00
  L1        124,846,080     0.000    91.149    37.369  |   0.00    0.00    0.00    0.00    0.01    0.08    0.80    7.97   53.78   37.36    0.01    0.00    0.00
  L2        124,846,080     0.000    93.205    40.368  |   0.00    0.00    0.00    0.00    0.01    0.06    0.61    6.11   52.84   38.12    2.25    0.00    0.00
  L3        124,846,080     0.000    94.988    51.277  |   0.00    0.00    0.00    0.00    0.00    0.05    0.45    4.51   43.71   51.28    0.00    0.00    0.00
  L4        124,846,080     0.000    93.809    44.740  |   0.00    0.00    0.00    0.00    0.01    0.06    0.56    5.57   49.07   44.74    0.00    0.00    0.00
  L5        124,846,080     0.000    95.156    54.876  |   0.00    0.00    0.00    0.00    0.00    0.04    0.44    4.36   40.28   54.88    0.00    0.00    0.00
  L6        124,846,080     0.000    94.902    54.430  |   0.00    0.00    0.00    0.00    0.00    0.05    0.46    4.59   40.47   54.43    0.00    0.00    0.00
  L7        124,846,080     0.000    94.842    52.451  |   0.00    0.00    0.00    0.00    0.00    0.05    0.46    4.64   42.39   52.45    0.00    0.00    0.00
  L8        124,846,080     0.000    94.599    50.386  |   0.00    0.00    0.00    0.00    0.00    0.05    0.49    4.86   44.21   50.39    0.00    0.00    0.00
  L9        124,846,080     0.000    94.416    50.475  |   0.00    0.00    0.00    0.00    0.01    0.05    0.50    5.02   43.94   50.48    0.00    0.00    0.00
  L10       124,846,080     0.000    96.080    61.495  |   0.00    0.00    0.00    0.00    0.00    0.04    0.35    3.53   34.59   61.49    0.00    0.00    0.00
  L11       124,846,080     0.000    97.578    73.232  |   0.00    0.00    0.00    0.00    0.00    0.02    0.22    2.18   24.35   73.23    0.00    0.00    0.00
  AGG    1,498,152,960     0.000    94.650    52.504  |   0.00    0.00    0.00    0.00    0.00    0.05    0.48    4.81   42.15   52.32    0.19    0.00    0.00

Probe: attn_scores (QKᵀ/√dₖ + mask)
  Layer            Count  pct_zero     pct>1    pct>10  | magnitude bin percentages ...
  ------------------------------------------------------------
  L0        124,846,080     0.000    86.438    71.041  |   0.00    0.00    0.00    0.00    0.01    0.13    1.36   12.05   15.40    0.00    0.00    0.00   71.04
  L1        124,846,080     0.000    83.122    71.076  |   0.00    0.00    0.00    0.00    0.02    0.18    1.83   14.84   12.05    0.04    0.00    0.00   71.04
  L2        124,846,080     0.000    84.441    71.696  |   0.00    0.00    0.00    0.00    0.02    0.18    1.82   13.54   12.74    0.66    0.00    0.00   71.04
  L3        124,846,080     0.000    86.395    71.059  |   0.00    0.00    0.00    0.00    0.01    0.14    1.39   12.06   15.34    0.02    0.00    0.00   71.04
  L4        124,846,080     0.000    87.021    71.042  |   0.00    0.00    0.00    0.00    0.01    0.12    1.25   11.59   15.98    0.00    0.00    0.00   71.04
  L5        124,846,080     0.000    91.052    71.048  |   0.00    0.00    0.00    0.00    0.01    0.08    0.83    8.03   20.00    0.01    0.00    0.00   71.04
  L6        124,846,080     0.000    89.743    71.047  |   0.00    0.00    0.00    0.00    0.01    0.10    0.97    9.18   18.70    0.01    0.00    0.00   71.04
  L7        124,846,080     0.000    90.294    71.041  |   0.00    0.00    0.00    0.00    0.01    0.09    0.90    8.71   19.25    0.00    0.00    0.00   71.04
  L8        124,846,080     0.000    88.151    71.042  |   0.00    0.00    0.00    0.00    0.01    0.11    1.14   10.58   17.11    0.00    0.00    0.00   71.04
  L9        124,846,080     0.000    88.113    71.041  |   0.00    0.00    0.00    0.00    0.01    0.11    1.14   10.62   17.07    0.00    0.00    0.00   71.04
  L10       124,846,080     0.000    92.331    71.044  |   0.00    0.00    0.00    0.00    0.01    0.07    0.68    6.91   21.29    0.00    0.00    0.00   71.04
  L11       124,846,080     0.000    93.836    71.040  |   0.00    0.00    0.00    0.00    0.01    0.05    0.51    5.60   22.80    0.00    0.00    0.00   71.04
  AGG    1,498,152,960     0.000    88.411    71.101  |   0.00    0.00    0.00    0.00    0.01    0.12    1.15   10.31   17.31    0.06    0.00    0.00   71.04

Probe: attn_probs (Softmax(scores))
  Layer            Count  pct_zero     pct>1    pct>10  | magnitude bin percentages ...
  ------------------------------------------------------------
  L0        124,846,080    71.040     0.000     0.000  |   0.03    0.24    0.93    1.98    3.99    8.54   12.09    1.16    0.00    0.00    0.00    0.00    0.00
  L1        124,846,080    71.040     0.000     0.000  |   0.17    0.29    0.63    1.09    2.46    9.54   13.59    1.20    0.00    0.00    0.00    0.00    0.00
  L2        124,846,080    71.040     0.000     0.000  |   2.42    0.58    0.53    0.60    1.81    9.99   11.64    1.37    0.00    0.00    0.00    0.00    0.00
  L3        124,846,080    71.040     0.000     0.000  |   0.04    0.13    0.49    1.52    5.11   10.96    8.56    2.16    0.00    0.00    0.00    0.00    0.00
  L4        124,846,080    71.040     0.000     0.000  |   0.00    0.01    0.14    0.96    4.33   11.73    9.99    1.79    0.00    0.00    0.00    0.00    0.00
  L5        124,846,080    71.040     0.000     0.000  |   0.03    0.14    0.79    3.41    8.23    9.72    4.79    1.85    0.00    0.00    0.00    0.00    0.00
  L6        124,846,080    71.040     0.000     0.000  |   0.02    0.10    0.63    2.80    7.41   10.50    5.54    1.97    0.00    0.00    0.00    0.00    0.00
  L7        124,846,080    71.040     0.000     0.000  |   0.01    0.08    0.63    3.12    8.67   10.21    4.30    1.94    0.00    0.00    0.00    0.00    0.00
  L8        124,846,080    71.040     0.000     0.000  |   0.01    0.05    0.37    1.97    6.37   11.95    6.35    1.90    0.00    0.00    0.00    0.00    0.00
  L9        124,846,080    71.040     0.000     0.000  |   0.00    0.01    0.10    0.87    4.86   13.28    7.96    1.88    0.00    0.00    0.00    0.00    0.00
  L10       124,846,080    71.040     0.000     0.000  |   0.01    0.05    0.22    1.28    6.77   12.36    5.78    2.49    0.00    0.00    0.00    0.00    0.00
  L11       124,846,080    71.040     0.000     0.000  |   0.00    0.00    0.03    0.55    5.68   13.73    6.22    2.76    0.00    0.00    0.00    0.00    0.00
  AGG    1,498,152,960    71.040     0.000     0.000  |   0.23    0.14    0.46    1.68    5.47   11.04    8.07    1.87    0.00    0.00    0.00    0.00    0.00

Probe: attn_context (Softmax × V)
  Layer            Count  pct_zero     pct>1    pct>10  | magnitude bin percentages ...
  ------------------------------------------------------------
  L0         62,423,040     0.000     0.247     0.000  |   0.00    0.00    0.01    0.06    0.57    5.35   46.54   47.23    0.25    0.00    0.00    0.00    0.00
  L1         62,423,040     0.000     0.497     0.000  |   0.00    0.00    0.00    0.05    0.45    4.53   41.01   53.46    0.50    0.00    0.00    0.00    0.00
  L2         62,423,040     0.000     0.588     0.000  |   0.00    0.00    0.00    0.04    0.43    4.27   39.17   55.50    0.59    0.00    0.00    0.00    0.00
  L3         62,423,040     0.000     0.380     0.000  |   0.00    0.00    0.01    0.05    0.52    5.25   45.37   48.41    0.38    0.00    0.00    0.00    0.00
  L4         62,423,040     0.000     0.371     0.000  |   0.00    0.00    0.01    0.05    0.50    5.00   41.87   52.21    0.37    0.00    0.00    0.00    0.00
  L5         62,423,040     0.000     0.271     0.000  |   0.00    0.00    0.01    0.09    0.88    8.80   57.14   32.80    0.27    0.00    0.00    0.00    0.00
  L6         62,423,040     0.000     0.264     0.000  |   0.00    0.00    0.01    0.07    0.73    7.22   49.85   41.86    0.26    0.00    0.00    0.00    0.00
  L7         62,423,040     0.000     0.224     0.000  |   0.00    0.00    0.01    0.09    0.95    9.40   54.87   34.45    0.22    0.00    0.00    0.00    0.00
  L8         62,423,040     0.000     0.400     0.000  |   0.00    0.00    0.01    0.08    0.77    7.66   50.12   40.96    0.40    0.00    0.00    0.00    0.00
  L9         62,423,040     0.000     0.285     0.000  |   0.00    0.00    0.01    0.07    0.67    6.67   49.07   43.23    0.28    0.00    0.00    0.00    0.00
  L10        62,423,040     0.000     0.333     0.000  |   0.00    0.00    0.01    0.10    0.98    9.71   56.00   32.87    0.33    0.00    0.00    0.00    0.00
  L11        62,423,040     0.000     0.353     0.000  |   0.00    0.00    0.01    0.10    1.05   10.27   55.23   32.98    0.35    0.00    0.00    0.00    0.00
  AGG      749,076,480     0.000     0.351     0.000  |   0.00    0.00    0.01    0.07    0.71    7.01   48.85   43.00    0.35    0.00    0.00    0.00    0.00

Probe: attn_output (Attn × Wₒ)
  Layer            Count  pct_zero     pct>1    pct>10  | magnitude bin percentages ...
  ------------------------------------------------------------
  L0         62,423,040     0.000     0.327     0.000  |   0.00    0.00    0.00    0.04    0.44    4.34   40.04   54.80    0.33    0.00    0.00    0.00    0.00
  L1         62,423,040     0.000     0.213     0.000  |   0.00    0.00    0.00    0.04    0.38    3.83   36.24   59.29    0.21    0.00    0.00    0.00    0.00
  L2         62,423,040     0.000     0.080     0.000  |   0.00    0.00    0.00    0.04    0.41    4.13   38.32   57.01    0.08    0.00    0.00    0.00    0.00
  L3         62,423,040     0.000     0.048     0.000  |   0.00    0.00    0.00    0.05    0.47    4.66   42.77   52.00    0.05    0.00    0.00    0.00    0.00
  L4         62,423,040     0.000     0.158     0.000  |   0.00    0.00    0.00    0.04    0.38    3.83   34.91   60.67    0.16    0.00    0.00    0.00    0.00
  L5         62,423,040     0.000     0.078     0.000  |   0.00    0.00    0.01    0.06    0.62    6.18   49.78   43.28    0.08    0.00    0.00    0.00    0.00
  L6         62,423,040     0.000     0.045     0.000  |   0.00    0.00    0.00    0.05    0.49    4.91   42.96   51.53    0.05    0.00    0.00    0.00    0.00
  L7         62,423,040     0.000     0.048     0.000  |   0.00    0.00    0.01    0.06    0.58    5.76   47.96   45.59    0.05    0.00    0.00    0.00    0.00
  L8         62,423,040     0.000     0.039     0.000  |   0.00    0.00    0.00    0.05    0.45    4.48   40.11   54.87    0.04    0.00    0.00    0.00    0.00
  L9         62,423,040     0.000     0.052     0.000  |   0.00    0.00    0.00    0.04    0.43    4.31   39.84   55.32    0.05    0.00    0.00    0.00    0.00
  L10        62,423,040     0.000     0.024     0.000  |   0.00    0.00    0.00    0.05    0.47    4.75   42.86   51.84    0.02    0.00    0.00    0.00    0.00
  L11        62,423,040     0.000     0.347     0.000  |   0.00    0.00    0.00    0.05    0.45    4.50   38.28   56.37    0.35    0.00    0.00    0.00    0.00
  AGG      749,076,480     0.000     0.122     0.000  |   0.00    0.00    0.00    0.05    0.46    4.64   41.17   53.55    0.12    0.00    0.00    0.00    0.00

Probe: post_attn_ln (Post-Attn sub-block)
  Layer            Count  pct_zero     pct>1    pct>10  | magnitude bin percentages ...
  ------------------------------------------------------------
  L0         62,423,040     0.000    26.900     0.027  |   0.00    0.00    0.00    0.01    0.08    0.80    7.95   64.27   26.87    0.03    0.00    0.00    0.00
  L1         62,423,040     0.000    21.745     0.126  |   0.00    0.00    0.00    0.01    0.09    0.90    9.01   68.25   21.62    0.13    0.00    0.00    0.00
  L2         62,423,040     0.000    17.183     0.129  |   0.00    0.00    0.00    0.01    0.10    1.01   10.06   71.63   17.05    0.13    0.00    0.00    0.00
  L3         62,423,040     0.000    15.779     0.128  |   0.00    0.00    0.00    0.01    0.11    1.09   10.85   72.15   15.65    0.13    0.00    0.00    0.00
  L4         62,423,040     0.000    14.125     0.129  |   0.00    0.00    0.00    0.01    0.12    1.16   11.49   73.09   14.00    0.13    0.00    0.00    0.00
  L5         62,423,040     0.000    13.538     0.130  |   0.00    0.00    0.00    0.01    0.12    1.18   11.74   73.41   13.41    0.13    0.00    0.00    0.00
  L6         62,423,040     0.000    13.105     0.162  |   0.00    0.00    0.00    0.01    0.12    1.20   11.90   73.65   12.94    0.16    0.00    0.00    0.00
  L7         62,423,040     0.000    13.508     0.229  |   0.00    0.00    0.00    0.01    0.12    1.18   11.69   73.49   13.28    0.23    0.00    0.00    0.00
  L8         62,423,040     0.000    13.059     0.199  |   0.00    0.00    0.00    0.01    0.12    1.18   11.69   73.94   12.86    0.20    0.00    0.00    0.00
  L9         62,423,040     0.000    12.521     0.162  |   0.00    0.00    0.00    0.01    0.12    1.17   11.59   74.59   12.36    0.16    0.00    0.00    0.00
  L10        62,423,040     0.000    12.002     0.181  |   0.00    0.00    0.00    0.01    0.12    1.18   11.71   74.98   11.82    0.18    0.00    0.00    0.00
  L11        62,423,040     0.000    10.797     0.128  |   0.00    0.00    0.00    0.01    0.13    1.26   12.49   75.31   10.67    0.13    0.00    0.00    0.00
  AGG      749,076,480     0.000    15.355     0.144  |   0.00    0.00    0.00    0.01    0.11    1.11   11.02   72.40   15.21    0.14    0.00    0.00    0.00

Probe: gelu_input (FFN1 (GELU in))
  Layer            Count  pct_zero     pct>1    pct>10  | magnitude bin percentages ...
  ------------------------------------------------------------
  L0        249,692,160     0.000    85.333     0.106  |   0.00    0.00    0.00    0.00    0.01    0.12    1.24   13.29   85.23    0.11    0.00    0.00    0.00
  L1        249,692,160     0.000    80.946     0.032  |   0.00    0.00    0.00    0.00    0.01    0.14    1.38   17.53   80.91    0.03    0.00    0.00    0.00
  L2        249,692,160     0.000    84.926     0.032  |   0.00    0.00    0.00    0.00    0.01    0.11    1.08   13.88   84.89    0.03    0.00    0.00    0.00
  L3        249,692,160     0.000    81.558     0.068  |   0.00    0.00    0.00    0.00    0.01    0.14    1.44   16.85   81.49    0.07    0.00    0.00    0.00
  L4        249,692,160     0.000    81.259     0.048  |   0.00    0.00    0.00    0.00    0.01    0.15    1.47   17.11   81.21    0.05    0.00    0.00    0.00
  L5        249,692,160     0.000    79.910     0.011  |   0.00    0.00    0.00    0.00    0.01    0.15    1.47   18.46   79.90    0.01    0.00    0.00    0.00
  L6        249,692,160     0.000    78.363     0.003  |   0.00    0.00    0.00    0.00    0.02    0.17    1.65   19.81   78.36    0.00    0.00    0.00    0.00
  L7        249,692,160     0.000    75.022     0.017  |   0.00    0.00    0.00    0.00    0.02    0.18    1.81   22.97   75.01    0.02    0.00    0.00    0.00
  L8        249,692,160     0.000    71.430     0.009  |   0.00    0.00    0.00    0.00    0.02    0.21    2.06   26.28   71.42    0.01    0.00    0.00    0.00
  L9        249,692,160     0.000    67.620     0.094  |   0.00    0.00    0.00    0.00    0.02    0.22    2.21   29.92   67.53    0.09    0.00    0.00    0.00
  L10       249,692,160     0.000    69.430     0.033  |   0.00    0.00    0.00    0.00    0.02    0.18    1.83   28.53   69.40    0.03    0.00    0.00    0.00
  L11       249,692,160     0.000    61.499     0.005  |   0.00    0.00    0.00    0.00    0.02    0.24    2.46   35.77   61.49    0.00    0.00    0.00    0.00
  AGG    2,996,305,920     0.000    76.441     0.038  |   0.00    0.00    0.00    0.00    0.02    0.17    1.67   21.70   76.40    0.04    0.00    0.00    0.00

Probe: gelu_output (GELU output)
  Layer            Count  pct_zero     pct>1    pct>10  | magnitude bin percentages ...
  ------------------------------------------------------------
  L0        249,692,160     1.884     1.564     0.001  |   0.00    1.57    2.97    5.75   10.87   19.50   34.62   21.28    1.56    0.00    0.00    0.00    0.00
  L1        249,692,160     0.378     0.962     0.000  |   0.00    0.17    0.41    1.32    4.95   16.34   44.64   30.82    0.96    0.00    0.00    0.00    0.00
  L2        249,692,160     0.242     0.398     0.001  |   0.00    0.36    1.00    2.87    8.04   19.71   42.63   24.76    0.40    0.00    0.00    0.00    0.00
  L3        249,692,160     0.586     0.538     0.000  |   0.00    0.26    0.60    1.76    5.84   17.86   43.97   28.59    0.54    0.00    0.00    0.00    0.00
  L4        249,692,160     0.505     0.467     0.000  |   0.00    0.27    0.58    1.62    5.55   18.36   44.13   28.53    0.47    0.00    0.00    0.00    0.00
  L5        249,692,160     0.404     0.296     0.001  |   0.00    0.26    0.49    1.12    3.69   14.22   46.85   32.67    0.30    0.00    0.00    0.00    0.00
  L6        249,692,160     0.177     0.334     0.000  |   0.00    0.14    0.32    0.88    3.28   13.41   47.40   34.05    0.33    0.00    0.00    0.00    0.00
  L7        249,692,160     0.114     0.329     0.000  |   0.00    0.07    0.16    0.49    2.02   10.17   46.97   39.70    0.33    0.00    0.00    0.00    0.00
  L8        249,692,160     0.062     0.321     0.000  |   0.00    0.02    0.06    0.27    1.35    7.72   45.46   44.73    0.32    0.00    0.00    0.00    0.00
  L9        249,692,160     0.106     0.310     0.004  |   0.00    0.01    0.05    0.21    1.02    5.99   41.91   50.39    0.31    0.00    0.00    0.00    0.00
  L10       249,692,160     0.051     0.357     0.002  |   0.00    0.02    0.05    0.17    0.81    5.07   42.18   51.29    0.35    0.00    0.00    0.00    0.00
  L11       249,692,160     0.042     0.442     0.000  |   0.00    0.01    0.01    0.05    0.27    2.40   36.80   59.98    0.44    0.00    0.00    0.00    0.00
  AGG    2,996,305,920     0.379     0.527     0.001  |   0.00    0.26    0.56    1.37    3.97   12.56   43.13   37.23    0.53    0.00    0.00    0.00    0.00

Probe: ffn2_output (FFN2 output)
  Layer            Count  pct_zero     pct>1    pct>10  | magnitude bin percentages ...
  ------------------------------------------------------------
  L0         62,423,040     0.000    32.375     0.354  |   0.00    0.00    0.00    0.01    0.08    0.84    8.35   58.34   32.02    0.35    0.00    0.00    0.00
  L1         62,423,040     0.000     4.598     0.163  |   0.00    0.00    0.00    0.02    0.16    1.62   16.00   77.60    4.43    0.16    0.00    0.00    0.00
  L2         62,423,040     0.000     1.090     0.002  |   0.00    0.00    0.00    0.02    0.23    2.29   22.46   73.90    1.09    0.00    0.00    0.00    0.00
  L3         62,423,040     0.000     1.678     0.002  |   0.00    0.00    0.00    0.02    0.21    2.06   20.10   75.94    1.68    0.00    0.00    0.00    0.00
  L4         62,423,040     0.000     0.555     0.002  |   0.00    0.00    0.00    0.02    0.25    2.49   24.17   72.51    0.55    0.00    0.00    0.00    0.00
  L5         62,423,040     0.000     0.434     0.002  |   0.00    0.00    0.00    0.03    0.29    2.92   27.97   68.36    0.43    0.00    0.00    0.00    0.00
  L6         62,423,040     0.000     0.390     0.002  |   0.00    0.00    0.00    0.03    0.30    2.95   28.32   68.00    0.39    0.00    0.00    0.00    0.00
  L7         62,423,040     0.000     0.859     0.001  |   0.00    0.00    0.00    0.03    0.27    2.66   25.49   70.69    0.86    0.00    0.00    0.00    0.00
  L8         62,423,040     0.000     0.917     0.007  |   0.00    0.00    0.00    0.03    0.27    2.67   25.77   70.34    0.91    0.01    0.00    0.00    0.00
  L9         62,423,040     0.000     1.011     0.028  |   0.00    0.00    0.00    0.03    0.28    2.80   27.14   68.74    0.98    0.01    0.02    0.00    0.00
  L10        62,423,040     0.000     0.772     0.017  |   0.00    0.00    0.00    0.03    0.31    3.13   30.03   65.72    0.76    0.01    0.01    0.00    0.00
  L11        62,423,040     0.000     1.077     0.013  |   0.00    0.00    0.00    0.03    0.32    3.21   30.40   64.96    1.06    0.01    0.00    0.00    0.00
  AGG      749,076,480     0.000     3.813     0.049  |   0.00    0.00    0.00    0.02    0.25    2.47   23.85   69.59    3.76    0.05    0.00    0.00    0.00

Probe: post_ffn_ln (Post-FFN sub-block)
  Layer            Count  pct_zero     pct>1    pct>10  | magnitude bin percentages ...
  ------------------------------------------------------------
  L0         62,423,040     0.000     4.962     0.000  |   0.00    0.00    0.00    0.02    0.15    1.53   15.20   78.14    4.96    0.00    0.00    0.00    0.00
  L1         62,423,040     0.000     5.159     0.006  |   0.00    0.00    0.00    0.02    0.16    1.61   15.90   77.16    5.15    0.01    0.00    0.00    0.00
  L2         62,423,040     0.000     4.803     0.006  |   0.00    0.00    0.00    0.02    0.17    1.75   16.99   76.26    4.80    0.01    0.00    0.00    0.00
  L3         62,423,040     0.000     6.255     0.107  |   0.00    0.00    0.00    0.02    0.17    1.69   15.62   76.24    6.15    0.11    0.00    0.00    0.00
  L4         62,423,040     0.000     5.905     0.111  |   0.00    0.00    0.00    0.02    0.18    1.75   15.55   76.61    5.79    0.11    0.00    0.00    0.00
  L5         62,423,040     0.000     7.439     0.111  |   0.00    0.00    0.00    0.02    0.15    1.57   14.49   76.33    7.33    0.11    0.00    0.00    0.00
  L6         62,423,040     0.000     8.053     0.106  |   0.00    0.00    0.00    0.02    0.16    1.55   14.23   76.00    7.95    0.11    0.00    0.00    0.00
  L7         62,423,040     0.000     8.836     0.097  |   0.00    0.00    0.00    0.01    0.15    1.46   13.59   75.95    8.74    0.10    0.00    0.00    0.00
  L8         62,423,040     0.000     9.438     0.085  |   0.00    0.00    0.00    0.01    0.14    1.38   13.29   75.74    9.35    0.09    0.00    0.00    0.00
  L9         62,423,040     0.000     9.693     0.096  |   0.00    0.00    0.00    0.02    0.16    1.58   14.10   74.45    9.60    0.10    0.00    0.00    0.00
  L10        62,423,040     0.000     9.625     0.107  |   0.00    0.00    0.00    0.02    0.18    1.82   14.19   74.16    9.52    0.11    0.00    0.00    0.00
  L11        62,423,040     0.000     1.793     0.000  |   0.00    0.00    0.00    0.02    0.23    2.29   22.31   73.36    1.79    0.00    0.00    0.00    0.00
  AGG      749,076,480     0.000     6.830     0.069  |   0.00    0.00    0.00    0.02    0.17    1.66   15.45   75.87    6.76    0.07    0.00    0.00    0.00

Probe: ln1_input (LN₁ input (pre-norm))
  Layer            Count  pct_zero     pct>1    pct>10  | magnitude bin percentages ...
  ------------------------------------------------------------

Probe: ln1_output (LN₁ output (pre-norm))
  Layer            Count  pct_zero     pct>1    pct>10  | magnitude bin percentages ...
  ------------------------------------------------------------

Probe: ln2_input (LN₂ input (pre-norm))
  Layer            Count  pct_zero     pct>1    pct>10  | magnitude bin percentages ...
  ------------------------------------------------------------

Probe: ln2_output (LN₂ output (pre-norm))
  Layer            Count  pct_zero     pct>1    pct>10  | magnitude bin percentages ...
  ------------------------------------------------------------

Probe: ln1_mean_sum (LN₁ Σxᵢ (mean sum))
  Layer            Count  pct_zero     pct>1    pct>10  | magnitude bin percentages ...
  ------------------------------------------------------------
  L0             81,280     0.000    98.626    90.135  |   0.00    0.00    0.00    0.00    0.00    0.01    0.14    1.23    8.49   90.14    0.00    0.00    0.00
  L1             81,280     0.000   100.000    94.799  |   0.00    0.00    0.00    0.00    0.00    0.00    0.00    0.00    5.20   94.80    0.00    0.00    0.00
  L2             81,280     0.000   100.000    57.424  |   0.00    0.00    0.00    0.00    0.00    0.00    0.00    0.00   42.58   57.42    0.00    0.00    0.00
  L3             81,280     0.000   100.000    90.691  |   0.00    0.00    0.00    0.00    0.00    0.00    0.00    0.00    9.31   90.69    0.00    0.00    0.00
  L4             81,280     0.000   100.000   100.000  |   0.00    0.00    0.00    0.00    0.00    0.00    0.00    0.00    0.00  100.00    0.00    0.00    0.00
  L5             81,280     0.000   100.000    99.918  |   0.00    0.00    0.00    0.00    0.00    0.00    0.00    0.00    0.08   99.92    0.00    0.00    0.00
  L6             81,280     0.000   100.000   100.000  |   0.00    0.00    0.00    0.00    0.00    0.00    0.00    0.00    0.00  100.00    0.00    0.00    0.00
  L7             81,280     0.000   100.000   100.000  |   0.00    0.00    0.00    0.00    0.00    0.00    0.00    0.00    0.00  100.00    0.00    0.00    0.00
  L8             81,280     0.000   100.000   100.000  |   0.00    0.00    0.00    0.00    0.00    0.00    0.00    0.00    0.00  100.00    0.00    0.00    0.00
  L9             81,280     0.000   100.000    98.438  |   0.00    0.00    0.00    0.00    0.00    0.00    0.00    0.00    1.56   98.44    0.00    0.00    0.00
  L10            81,280     0.000    99.995    96.025  |   0.00    0.00    0.00    0.00    0.00    0.00    0.00    0.00    3.97   96.02    0.00    0.00    0.00
  L11            81,280     0.000   100.000    96.800  |   0.00    0.00    0.00    0.00    0.00    0.00    0.00    0.00    3.20   96.80    0.00    0.00    0.00
  AGG          975,360     0.000    99.885    93.686  |   0.00    0.00    0.00    0.00    0.00    0.00    0.01    0.10    6.20   93.69    0.00    0.00    0.00

Probe: ln1_var_sum (LN₁ Σ(xᵢ−μ)²)
  Layer            Count  pct_zero     pct>1    pct>10  | magnitude bin percentages ...
  ------------------------------------------------------------
  L0             81,280     0.000   100.000   100.000  |   0.00    0.00    0.00    0.00    0.00    0.00    0.00    0.00    0.00    0.00  100.00    0.00    0.00
  L1             81,280     0.000   100.000   100.000  |   0.00    0.00    0.00    0.00    0.00    0.00    0.00    0.00    0.00    0.00  100.00    0.00    0.00
  L2             81,280     0.000   100.000   100.000  |   0.00    0.00    0.00    0.00    0.00    0.00    0.00    0.00    0.00    0.00  100.00    0.00    0.00
  L3             81,280     0.000   100.000   100.000  |   0.00    0.00    0.00    0.00    0.00    0.00    0.00    0.00    0.00    0.00  100.00    0.00    0.00
  L4             81,280     0.000   100.000   100.000  |   0.00    0.00    0.00    0.00    0.00    0.00    0.00    0.00    0.00    0.00  100.00    0.00    0.00
  L5             81,280     0.000   100.000   100.000  |   0.00    0.00    0.00    0.00    0.00    0.00    0.00    0.00    0.00    0.00  100.00    0.00    0.00
  L6             81,280     0.000   100.000   100.000  |   0.00    0.00    0.00    0.00    0.00    0.00    0.00    0.00    0.00    0.00  100.00    0.00    0.00
  L7             81,280     0.000   100.000   100.000  |   0.00    0.00    0.00    0.00    0.00    0.00    0.00    0.00    0.00    0.00  100.00    0.00    0.00
  L8             81,280     0.000   100.000   100.000  |   0.00    0.00    0.00    0.00    0.00    0.00    0.00    0.00    0.00    0.16   99.84    0.00    0.00
  L9             81,280     0.000   100.000   100.000  |   0.00    0.00    0.00    0.00    0.00    0.00    0.00    0.00    0.00    1.25   98.49    0.26    0.00
  L10            81,280     0.000   100.000   100.000  |   0.00    0.00    0.00    0.00    0.00    0.00    0.00    0.00    0.00    3.12   96.78    0.10    0.00
  L11            81,280     0.000   100.000   100.000  |   0.00    0.00    0.00    0.00    0.00    0.00    0.00    0.00    0.00    3.20   79.49   17.31    0.00
  AGG          975,360     0.000   100.000   100.000  |   0.00    0.00    0.00    0.00    0.00    0.00    0.00    0.00    0.00    0.64   97.88    1.47    0.00

Probe: ln1_var (LN₁ Variance)
  Layer            Count  pct_zero     pct>1    pct>10  | magnitude bin percentages ...
  ------------------------------------------------------------
  L0             81,280     0.000     0.000     0.000  |   0.00    0.00    0.00    0.00    0.00    0.00    0.00  100.00    0.00    0.00    0.00    0.00    0.00
  L1             81,280     0.000     0.000     0.000  |   0.00    0.00    0.00    0.00    0.00    0.00    0.00  100.00    0.00    0.00    0.00    0.00    0.00
  L2             81,280     0.000     0.000     0.000  |   0.00    0.00    0.00    0.00    0.00    0.00    0.00  100.00    0.00    0.00    0.00    0.00    0.00
  L3             81,280     0.000     0.000     0.000  |   0.00    0.00    0.00    0.00    0.00    0.00    0.00  100.00    0.00    0.00    0.00    0.00    0.00
  L4             81,280     0.000     0.026     0.000  |   0.00    0.00    0.00    0.00    0.00    0.00    0.00   99.97    0.03    0.00    0.00    0.00    0.00
  L5             81,280     0.000     0.055     0.000  |   0.00    0.00    0.00    0.00    0.00    0.00    0.00   99.94    0.06    0.00    0.00    0.00    0.00
  L6             81,280     0.000     0.036     0.000  |   0.00    0.00    0.00    0.00    0.00    0.00    0.00   99.96    0.04    0.00    0.00    0.00    0.00
  L7             81,280     0.000     0.009     0.000  |   0.00    0.00    0.00    0.00    0.00    0.00    0.00   99.99    0.01    0.00    0.00    0.00    0.00
  L8             81,280     0.000     3.127     0.000  |   0.00    0.00    0.00    0.00    0.00    0.00    0.00   96.87    3.13    0.00    0.00    0.00    0.00
  L9             81,280     0.000    21.284     0.000  |   0.00    0.00    0.00    0.00    0.00    0.00    0.14   78.58   21.28    0.00    0.00    0.00    0.00
  L10            81,280     0.000    27.470     0.000  |   0.00    0.00    0.00    0.00    0.00    0.00    3.07   69.46   27.47    0.00    0.00    0.00    0.00
  L11            81,280     0.000    44.190     0.000  |   0.00    0.00    0.00    0.00    0.00    0.00    3.19   52.62   44.19    0.00    0.00    0.00    0.00
  AGG          975,360     0.000     8.017     0.000  |   0.00    0.00    0.00    0.00    0.00    0.00    0.53   91.45    8.02    0.00    0.00    0.00    0.00

Probe: ln1_invstd (LN₁ 1/σ)
  Layer            Count  pct_zero     pct>1    pct>10  | magnitude bin percentages ...
  ------------------------------------------------------------
  L0             81,280     0.000   100.000     0.000  |   0.00    0.00    0.00    0.00    0.00    0.00    0.00    0.00  100.00    0.00    0.00    0.00    0.00
  L1             81,280     0.000   100.000     0.000  |   0.00    0.00    0.00    0.00    0.00    0.00    0.00    0.00  100.00    0.00    0.00    0.00    0.00
  L2             81,280     0.000   100.000     0.000  |   0.00    0.00    0.00    0.00    0.00    0.00    0.00    0.00  100.00    0.00    0.00    0.00    0.00
  L3             81,280     0.000   100.000     0.000  |   0.00    0.00    0.00    0.00    0.00    0.00    0.00    0.00  100.00    0.00    0.00    0.00    0.00
  L4             81,280     0.000    99.974     0.000  |   0.00    0.00    0.00    0.00    0.00    0.00    0.00    0.03   99.97    0.00    0.00    0.00    0.00
  L5             81,280     0.000    99.945     0.000  |   0.00    0.00    0.00    0.00    0.00    0.00    0.00    0.06   99.94    0.00    0.00    0.00    0.00
  L6             81,280     0.000    99.964     0.000  |   0.00    0.00    0.00    0.00    0.00    0.00    0.00    0.04   99.96    0.00    0.00    0.00    0.00
  L7             81,280     0.000    99.991     0.000  |   0.00    0.00    0.00    0.00    0.00    0.00    0.00    0.01   99.99    0.00    0.00    0.00    0.00
  L8             81,280     0.000    96.873     0.000  |   0.00    0.00    0.00    0.00    0.00    0.00    0.00    3.13   96.87    0.00    0.00    0.00    0.00
  L9             81,280     0.000    78.716     0.000  |   0.00    0.00    0.00    0.00    0.00    0.00    0.00   21.28   78.72    0.00    0.00    0.00    0.00
  L10            81,280     0.000    72.530     0.000  |   0.00    0.00    0.00    0.00    0.00    0.00    0.00   27.47   72.53    0.00    0.00    0.00    0.00
  L11            81,280     0.000    55.810     0.000  |   0.00    0.00    0.00    0.00    0.00    0.00    0.00   44.19   55.81    0.00    0.00    0.00    0.00
  AGG          975,360     0.000    91.983     0.000  |   0.00    0.00    0.00    0.00    0.00    0.00    0.00    8.02   91.98    0.00    0.00    0.00    0.00

Probe: ln2_mean_sum (LN₂ Σxᵢ (mean sum))
  Layer            Count  pct_zero     pct>1    pct>10  | magnitude bin percentages ...
  ------------------------------------------------------------
  L0             81,280     0.000    99.999    99.660  |   0.00    0.00    0.00    0.00    0.00    0.00    0.00    0.00    0.34   99.66    0.00    0.00    0.00
  L1             81,280     0.000   100.000    99.852  |   0.00    0.00    0.00    0.00    0.00    0.00    0.00    0.00    0.15   99.85    0.00    0.00    0.00
  L2             81,280     0.000   100.000    99.809  |   0.00    0.00    0.00    0.00    0.00    0.00    0.00    0.00    0.19   98.25    1.56    0.00    0.00
  L3             81,280     0.000    99.998    98.612  |   0.00    0.00    0.00    0.00    0.00    0.00    0.00    0.00    1.39   97.05    1.56    0.00    0.00
  L4             81,280     0.000   100.000    99.952  |   0.00    0.00    0.00    0.00    0.00    0.00    0.00    0.00    0.05   98.39    1.56    0.00    0.00
  L5             81,280     0.000   100.000    99.953  |   0.00    0.00    0.00    0.00    0.00    0.00    0.00    0.00    0.05   98.39    1.56    0.00    0.00
  L6             81,280     0.000   100.000    99.983  |   0.00    0.00    0.00    0.00    0.00    0.00    0.00    0.00    0.02   98.42    1.56    0.00    0.00
  L7             81,280     0.000   100.000   100.000  |   0.00    0.00    0.00    0.00    0.00    0.00    0.00    0.00    0.00   99.34    0.66    0.00    0.00
  L8             81,280     0.000   100.000   100.000  |   0.00    0.00    0.00    0.00    0.00    0.00    0.00    0.00    0.00   98.68    1.32    0.00    0.00
  L9             81,280     0.000   100.000   100.000  |   0.00    0.00    0.00    0.00    0.00    0.00    0.00    0.00    0.00   96.89    2.45    0.65    0.00
  L10            81,280     0.000   100.000    98.708  |   0.00    0.00    0.00    0.00    0.00    0.00    0.00    0.00    1.29   95.51    0.42    2.78    0.00
  L11            81,280     0.000   100.000    99.999  |   0.00    0.00    0.00    0.00    0.00    0.00    0.00    0.00    0.00   99.98    0.02    0.00    0.00
  AGG          975,360     0.000   100.000    99.711  |   0.00    0.00    0.00    0.00    0.00    0.00    0.00    0.00    0.29   98.37    1.06    0.29    0.00

Probe: ln2_var_sum (LN₂ Σ(xᵢ−μ)²)
  Layer            Count  pct_zero     pct>1    pct>10  | magnitude bin percentages ...
  ------------------------------------------------------------
  L0             81,280     0.000   100.000   100.000  |   0.00    0.00    0.00    0.00    0.00    0.00    0.00    0.00    0.00    0.00    2.03   97.97    0.00
  L1             81,280     0.000   100.000   100.000  |   0.00    0.00    0.00    0.00    0.00    0.00    0.00    0.00    0.00    0.00    4.50   95.50    0.00
  L2             81,280     0.000   100.000   100.000  |   0.00    0.00    0.00    0.00    0.00    0.00    0.00    0.00    0.00    0.00    5.17   93.26    1.56
  L3             81,280     0.000   100.000   100.000  |   0.00    0.00    0.00    0.00    0.00    0.00    0.00    0.00    0.00    0.00    7.27   91.17    1.56
  L4             81,280     0.000   100.000   100.000  |   0.00    0.00    0.00    0.00    0.00    0.00    0.00    0.00    0.00    0.00    9.29   89.15    1.56
  L5             81,280     0.000   100.000   100.000  |   0.00    0.00    0.00    0.00    0.00    0.00    0.00    0.00    0.00    0.00   25.22   73.22    1.56
  L6             81,280     0.000   100.000   100.000  |   0.00    0.00    0.00    0.00    0.00    0.00    0.00    0.00    0.00    0.00   74.63   23.81    1.56
  L7             81,280     0.000   100.000   100.000  |   0.00    0.00    0.00    0.00    0.00    0.00    0.00    0.00    0.00    0.00   65.74   33.48    0.78
  L8             81,280     0.000   100.000   100.000  |   0.00    0.00    0.00    0.00    0.00    0.00    0.00    0.00    0.00    0.00   60.25   38.43    1.32
  L9             81,280     0.000   100.000   100.000  |   0.00    0.00    0.00    0.00    0.00    0.00    0.00    0.00    0.00    0.00   86.28   10.66    3.06
  L10            81,280     0.000   100.000   100.000  |   0.00    0.00    0.00    0.00    0.00    0.00    0.00    0.00    0.00    0.00   87.06    9.76    3.18
  L11            81,280     0.000   100.000   100.000  |   0.00    0.00    0.00    0.00    0.00    0.00    0.00    0.00    0.00    0.00   18.35   81.65    0.00
  AGG          975,360     0.000   100.000   100.000  |   0.00    0.00    0.00    0.00    0.00    0.00    0.00    0.00    0.00    0.00   37.15   61.50    1.35

Probe: ln2_var (LN₂ Variance)
  Layer            Count  pct_zero     pct>1    pct>10  | magnitude bin percentages ...
  ------------------------------------------------------------
  L0             81,280     0.000    99.998     0.349  |   0.00    0.00    0.00    0.00    0.00    0.00    0.00    0.00   99.65    0.35    0.00    0.00    0.00
  L1             81,280     0.000    99.804     0.000  |   0.00    0.00    0.00    0.00    0.00    0.00    0.00    0.20   99.80    0.00    0.00    0.00    0.00
  L2             81,280     0.000    99.937     1.562  |   0.00    0.00    0.00    0.00    0.00    0.00    0.00    0.06   98.37    1.56    0.00    0.00    0.00
  L3             81,280     0.000    99.783     1.562  |   0.00    0.00    0.00    0.00    0.00    0.00    0.00    0.22   98.22    1.56    0.00    0.00    0.00
  L4             81,280     0.000    99.317     1.562  |   0.00    0.00    0.00    0.00    0.00    0.00    0.00    0.68   97.75    1.56    0.00    0.00    0.00
  L5             81,280     0.000    98.381     1.562  |   0.00    0.00    0.00    0.00    0.00    0.00    0.00    1.62   96.82    1.56    0.00    0.00    0.00
  L6             81,280     0.000    98.606     1.562  |   0.00    0.00    0.00    0.00    0.00    0.00    0.00    1.39   97.04    1.56    0.00    0.00    0.00
  L7             81,280     0.000    71.426     1.562  |   0.00    0.00    0.00    0.00    0.00    0.00    0.00   28.57   69.86    1.56    0.00    0.00    0.00
  L8             81,280     0.000    59.931     2.281  |   0.00    0.00    0.00    0.00    0.00    0.00    0.00   40.07   57.65    2.28    0.00    0.00    0.00
  L9             81,280     0.000    43.374     3.089  |   0.00    0.00    0.00    0.00    0.00    0.00    0.00   56.63   40.28    0.61    1.58    0.90    0.00
  L10            81,280     0.000    46.355     3.184  |   0.00    0.00    0.00    0.00    0.00    0.00    0.00   53.65   43.17    0.07    0.72    2.39    0.00
  L11            81,280     0.000    96.005     0.002  |   0.00    0.00    0.00    0.00    0.00    0.00    0.00    3.99   96.00    0.00    0.00    0.00    0.00
  AGG          975,360     0.000    84.410     1.523  |   0.00    0.00    0.00    0.00    0.00    0.00    0.00   15.59   82.89    1.06    0.19    0.27    0.00

Probe: ln2_invstd (LN₂ 1/σ)
  Layer            Count  pct_zero     pct>1    pct>10  | magnitude bin percentages ...
  ------------------------------------------------------------
  L0             81,280     0.000     0.002     0.000  |   0.00    0.00    0.00    0.00    0.00    0.00    0.00  100.00    0.00    0.00    0.00    0.00    0.00
  L1             81,280     0.000     0.196     0.000  |   0.00    0.00    0.00    0.00    0.00    0.00    0.00   99.80    0.20    0.00    0.00    0.00    0.00
  L2             81,280     0.000     0.063     0.000  |   0.00    0.00    0.00    0.00    0.00    0.00    0.00   99.93    0.06    0.00    0.00    0.00    0.00
  L3             81,280     0.000     0.217     0.000  |   0.00    0.00    0.00    0.00    0.00    0.00    0.00   99.78    0.22    0.00    0.00    0.00    0.00
  L4             81,280     0.000     0.683     0.000  |   0.00    0.00    0.00    0.00    0.00    0.00    0.00   99.32    0.68    0.00    0.00    0.00    0.00
  L5             81,280     0.000     1.619     0.000  |   0.00    0.00    0.00    0.00    0.00    0.00    0.00   98.38    1.62    0.00    0.00    0.00    0.00
  L6             81,280     0.000     1.394     0.000  |   0.00    0.00    0.00    0.00    0.00    0.00    0.00   98.61    1.39    0.00    0.00    0.00    0.00
  L7             81,280     0.000    28.574     0.000  |   0.00    0.00    0.00    0.00    0.00    0.00    0.00   71.43   28.57    0.00    0.00    0.00    0.00
  L8             81,280     0.000    40.069     0.000  |   0.00    0.00    0.00    0.00    0.00    0.00    0.00   59.93   40.07    0.00    0.00    0.00    0.00
  L9             81,280     0.000    56.626     0.000  |   0.00    0.00    0.00    0.00    0.00    0.00    2.48   40.89   56.63    0.00    0.00    0.00    0.00
  L10            81,280     0.000    53.645     0.000  |   0.00    0.00    0.00    0.00    0.00    0.00    3.11   43.24   53.65    0.00    0.00    0.00    0.00
  L11            81,280     0.000     3.995     0.000  |   0.00    0.00    0.00    0.00    0.00    0.00    0.00   96.01    3.99    0.00    0.00    0.00    0.00
  AGG          975,360     0.000    15.590     0.000  |   0.00    0.00    0.00    0.00    0.00    0.00    0.47   83.94   15.59    0.00    0.00    0.00    0.00
